         Alt       Press        Temp          Rh       Speed        Batt       PTemp         Dew          SH          MR          Et       Ozone      O3Curr      O3Temp         AD1         AD2         AD3         AD4         AD5         AD6    Dir_mode
        1308      871.42       19.30       27.50        2.60        8.50       31.00        0.10        0.82        4.43       80.90        0.00        0.00        0.00        0.00        0.00        0.02        0.00        0.00        0.01      329.00
        1309      871.33       18.60       29.01        2.65        8.43       30.32        0.27        0.82        4.48      220.49        0.00        0.00        0.00        0.00        0.00        0.01        0.00        0.00        0.01      355.61
        1310      871.24       18.98       28.82        2.57        8.44       30.71        0.49        0.82        4.55      202.93        0.00        0.00        0.00        0.00        0.00        0.01        0.00        0.00        0.01      351.12
        1311      871.15       18.85       28.68        2.69        8.45       30.58        0.31        0.82        4.49      196.61        0.00        0.00        0.00        0.00        0.00        0.01        0.00        0.00        0.01      347.55
        1312      871.05       18.98       28.44        2.63        8.44       30.73        0.30        0.82        4.49      192.53        0.00        0.00        0.00        0.00        0.00        0.01        0.00        0.00        0.01      355.65
        1313      870.94       18.83       28.18        2.94        8.44       30.58        0.04        0.81        4.40      192.58        0.00        0.00        0.00        0.00        0.00        0.01        0.00        0.00        0.01      353.25
        1314      870.85       18.69       28.20        3.23        8.45       30.46       -0.06        0.81        4.37      193.61        0.00        0.00        0.00        0.00        0.00        0.01        0.00        0.00        0.01      339.97
        1315      870.75       17.98       28.94        3.02        8.42       29.70       -0.32        0.81        4.28      302.50        0.00        0.00        0.00        0.00        0.00        0.01        0.00        0.00        0.01      308.36
        1316      870.65       17.90       29.30        3.05        8.40       29.62       -0.20        0.81        4.32      388.60        0.00        0.00        0.00        0.00        0.00        0.01        0.00        0.00        0.01      326.75
        1317      870.53       18.27       29.45        3.38        8.38       30.03        0.17        0.82        4.45      392.35        0.00        0.00        0.00        0.00        0.00        0.01        0.00        0.00        0.01      334.47
        1318      870.43       18.50       29.85        3.70        8.35       30.30        0.65        0.82        4.60      396.10        0.00        0.00        0.00        0.00        0.00        0.01        0.00        0.00        0.01      340.00
        1319      870.32       18.60       29.60        3.20        8.30       30.40        0.50        0.82        4.57      398.60        0.00        0.00        0.00        0.00        0.00        0.01        0.00        0.00        0.01      339.00
        1321      870.12       17.95       29.20        4.30        8.30       29.80       -0.20        0.81        4.33      403.60        0.00        0.00        0.00        0.00        0.00        0.01        0.00        0.00        0.01      344.00
        1322      870.02       17.60       29.15        4.92        8.30       29.40       -0.55        0.81        4.20      407.85        0.00        0.00        0.00        0.00        0.00        0.01        0.00        0.00        0.01      331.00
        1323      869.93       17.46       29.20        4.74        8.30       29.26       -0.64        0.81        4.17      412.00        0.00        0.00        0.00        0.00        0.00        0.01        0.00        0.00        0.01      321.33
        1324      869.84       17.40       29.20        5.00        8.30       29.20       -0.65        0.81        4.17      414.10        0.00        0.00        0.00        0.00        0.00        0.01        0.00        0.00        0.01      322.50
        1325      869.75       17.43       29.47        4.43        8.30       29.23       -0.53        0.81        4.21      419.27        0.00        0.00        0.00        0.00        0.00        0.01        0.00        0.00        0.01      307.02
        1326      869.63       17.46       29.71        4.29        8.30       29.29       -0.39        0.81        4.26      426.03        0.00        0.00        0.00        0.00        0.00        0.01        0.00        0.00        0.01      329.05
        1327      869.49       17.40       29.75        4.20        8.30       29.30       -0.40        0.81        4.26      428.10        0.00        0.00        0.00        0.00        0.00        0.01        0.00        0.00        0.01      314.50
        1328      869.43       17.45       29.75        4.05        8.30       29.30       -0.35        0.81        4.27      424.60        0.00        0.00        0.00        0.00        0.00        0.01        0.00        0.00        0.01      302.00
        1329      869.35       17.45       29.95        4.20        8.30       29.30       -0.30        0.81        4.29      429.10        0.00        0.00        0.00        0.00        0.00        0.01        0.00        0.00        0.01      310.00
        1330      869.22       17.55       29.90        4.25        8.30       29.45       -0.25        0.81        4.32      439.60        0.00        0.00        0.00        0.00        0.00        0.01        0.00        0.00        0.01      338.00
        1331      869.11       17.55       29.95        4.10        8.30       29.40       -0.25        0.81        4.32      439.10        0.00        0.00        0.00        0.00        0.00        0.01        0.00        0.00        0.01      342.00
        1332      869.02       17.57       29.67        4.07        8.30       29.47       -0.33        0.81        4.29      443.27        0.00        0.00        0.00        0.00        0.00        0.01        0.00        0.00        0.01      335.00
        1333      868.88       17.55       29.65        4.05        8.30       29.45       -0.35        0.81        4.29      443.10        0.00        0.00        0.00        0.00        0.00        0.01        0.00        0.00        0.01      342.00
        1334      868.80       17.63       29.40        4.03        8.30       29.60       -0.40        0.81        4.26      448.27        0.00        0.00        0.00        0.00        0.00        0.01        0.00        0.00        0.01      337.67
        1335      868.69       17.50       29.60        3.85        8.30       29.45       -0.40        0.81        4.26      461.10        0.00        0.00        0.00        0.00        0.00        0.01        0.00        0.00        0.01      324.00
        1336      868.59       17.50       29.45        3.65        8.30       29.40       -0.50        0.81        4.22      458.10        0.00        0.00        0.00        0.00        0.00        0.01        0.00        0.00        0.01      324.50
        1337      868.50       17.54       29.54        3.86        8.30       29.50       -0.40        0.81        4.26      460.18        0.00        0.00        0.00        0.00        0.00        0.01        0.00        0.00        0.01      333.07
        1338      868.38       17.50       29.73        4.07        8.30       29.47       -0.33        0.81        4.28      466.20        0.00        0.00        0.00        0.00        0.00        0.01        0.00        0.00        0.01      328.71
        1339      868.32       17.55       29.85        4.25        8.30       29.50       -0.30        0.81        4.30      468.00        0.00        0.00        0.00        0.00        0.00        0.01        0.00        0.00        0.01      338.50
        1340      868.19       17.45       29.95        4.65        8.30       29.35       -0.32        0.81        4.29      476.75        0.00        0.00        0.00        0.00        0.00        0.01        0.00        0.00        0.01      333.33
        1341      868.12       17.50       29.90        5.20        8.30       29.40       -0.30        0.81        4.29      474.50        0.00        0.00        0.00        0.00        0.00        0.01        0.00        0.00        0.01      328.00
        1342      867.98       17.30       30.17        4.40        8.30       29.23       -0.37        0.81        4.28      487.50        0.00        0.00        0.00        0.00        0.00        0.01        0.00        0.00        0.01      321.67
        1343      867.87       17.30       30.30        4.10        8.30       29.30       -0.30        0.81        4.30      489.50        0.00        0.00        0.00        0.00        0.00        0.01        0.00        0.00        0.01      316.00
        1344      867.80       17.30       30.13        4.43        8.30       29.33       -0.33        0.81        4.28      486.17        0.00        0.00        0.00        0.00        0.00        0.01        0.00        0.00        0.01      323.67
        1345      867.66       17.30       30.45        4.75        8.30       29.30       -0.25        0.81        4.33      493.50        0.00        0.00        0.00        0.00        0.00        0.01        0.00        0.00        0.01      316.50
        1346      867.57       17.32       30.46        5.04        8.30       29.34       -0.20        0.81        4.34      497.70        0.00        0.00        0.00        0.00        0.00        0.01        0.00        0.00        0.01      316.99
        1347      867.45       17.45       30.70        5.15        8.30       29.45        0.00        0.81        4.42      503.00        0.00        0.00        0.00        0.00        0.00        0.01        0.00        0.00        0.01      320.00
        1348      867.39       17.30       30.55        5.50        8.30       29.30       -0.20        0.81        4.34      501.50        0.00        0.00        0.00        0.00        0.00        0.01        0.00        0.00        0.01      325.00
        1349      867.29       17.30       30.63        5.47        8.30       29.40       -0.13        0.81        4.38      504.50        0.00        0.00        0.00        0.00        0.00        0.01        0.00        0.00        0.01      310.68
        1350      867.16       17.27       30.70        5.97        8.30       29.37       -0.10        0.81        4.38      509.17        0.00        0.00        0.00        0.00        0.00        0.01        0.00        0.00        0.01      340.00
        1351      867.06       17.60       30.80        4.80        8.20       29.70        0.20        0.82        4.48      518.50        0.00        0.00        0.00        0.00        0.00        0.01        0.00        0.00        0.01      345.00
        1352      866.98       17.30       30.70        6.00        8.30       29.40       -0.10        0.81        4.39      508.50        0.00        0.00        0.00        0.00        0.00        0.01        0.00        0.00        0.01      339.00
        1354      866.76       17.35       30.80        5.82        8.22       29.45        0.02        0.82        4.41      526.50        0.00        0.00        0.00        0.00        0.00        0.01        0.00        0.00        0.01        9.24
        1355      866.66       17.40       30.82        5.18        8.20       29.50        0.02        0.82        4.42      526.90        0.00        0.00        0.00        0.00        0.00        0.01        0.00        0.00        0.01      333.71
        1356      866.56       17.30       30.70        5.87        8.20       29.43       -0.10        0.81        4.38      526.83        0.00        0.00        0.00        0.00        0.00        0.01        0.00        0.00        0.01      343.66
        1357      866.45       17.15       31.00        5.85        8.20       29.30       -0.10        0.81        4.38      538.50        0.00        0.00        0.00        0.00        0.00        0.01        0.00        0.00        0.01      315.50
        1358      866.37       17.07       30.77        5.73        8.20       29.23       -0.27        0.81        4.32      535.83        0.00        0.00        0.00        0.00        0.00        0.01        0.00        0.00        0.01      305.20
        1359      866.24       16.96       30.94        5.98        8.20       29.14       -0.28        0.81        4.32      541.90        0.00        0.00        0.00        0.00        0.00        0.01        0.00        0.00        0.01      306.30
        1360      866.15       16.97       31.13        6.37        8.20       29.17       -0.20        0.81        4.35      547.17        0.00        0.00        0.00        0.00        0.00        0.01        0.00        0.00        0.01      326.34
        1361      866.03       16.83       31.17        6.33        8.20       29.00       -0.27        0.81        4.31      555.50        0.00        0.00        0.00        0.00        0.00        0.01        0.00        0.00        0.01      305.06
        1362      865.98       16.88       31.18        6.28        8.20       29.08       -0.22        0.81        4.34      555.25        0.00        0.00        0.00        0.00        0.00        0.01        0.00        0.00        0.01      312.50
        1363      865.89       16.80       31.30        6.10        8.20       29.00       -0.20        0.81        4.35      560.50        0.00        0.00        0.00        0.00        0.00        0.01        0.00        0.00        0.01      327.00
        1364      865.75       17.03       31.43        6.40        8.20       29.23        0.00        0.82        4.42      565.47        0.00        0.00        0.00        0.00        0.00        0.01        0.00        0.00        0.01      303.29
        1365      865.63       16.95       31.35        6.15        8.20       29.15       -0.10        0.81        4.38      565.95        0.00        0.00        0.00        0.00        0.00        0.01        0.00        0.00        0.01      326.50
        1367      865.45       16.95       31.35        6.90        8.20       29.20       -0.10        0.81        4.39      571.40        0.00        0.00        0.00        0.00        0.00        0.01        0.00        0.00        0.01      335.00
        1368      865.36       16.90       31.20        5.00        8.20       29.10       -0.20        0.81        4.34      575.40        0.00        0.00        0.00        0.00        0.00        0.01        0.00        0.00        0.01      273.00
        1370      865.14       16.70       31.27        4.87        8.20       28.98       -0.33        0.81        4.29      581.73        0.00        0.00        0.00        0.00        0.00        0.01        0.00        0.00        0.01      292.82
        1371      865.04       16.70       31.30        4.66        8.20       28.94       -0.38        0.81        4.29      583.60        0.00        0.00        0.00        0.00        0.00        0.01        0.00        0.00        0.01      304.01
        1372      864.96       16.67       31.38        5.35        8.20       28.92       -0.35        0.81        4.29      591.40        0.00        0.00        0.00        0.00        0.00        0.01        0.00        0.00        0.01      295.25
        1373      864.83       16.70       31.50        5.20        8.20       29.00       -0.30        0.81        4.32      601.40        0.00        0.00        0.00        0.00        0.00        0.01        0.00        0.00        0.01      288.00
        1374      864.73       16.70       31.40        5.40        8.20       29.00       -0.30        0.81        4.32      594.90        0.00        0.00        0.00        0.00        0.00        0.01        0.00        0.00        0.01      299.00
        1376      864.53       16.60       31.50        5.00        8.20       28.92       -0.30        0.81        4.31      604.65        0.00        0.00        0.00        0.00        0.00        0.01        0.00        0.00        0.01      285.75
        1377      864.42       16.62       31.52        5.02        8.20       28.98       -0.30        0.81        4.32      606.00        0.00        0.00        0.00        0.00        0.00        0.01        0.00        0.00        0.01      292.15
        1378      864.33       16.65       31.50        4.60        8.20       29.00       -0.30        0.81        4.32      612.90        0.00        0.00        0.00        0.00        0.00        0.01        0.00        0.00        0.01      289.25
        1379      864.26       16.60       31.60        4.70        8.20       29.00       -0.30        0.81        4.33      618.90        0.00        0.00        0.00        0.00        0.00        0.01        0.00        0.00        0.01      296.50
        1380      864.13       16.67       31.60        4.97        8.20       29.00       -0.23        0.81        4.34      622.07        0.00        0.00        0.00        0.00        0.00        0.01        0.00        0.00        0.01      299.65
        1381      863.98       16.60       31.60        4.80        8.20       29.00       -0.30        0.81        4.33      622.40        0.00        0.00        0.00        0.00        0.00        0.01        0.00        0.00        0.01      297.00
        1382      863.95       16.60       31.60        4.57        8.20       29.00       -0.27        0.81        4.33      627.07        0.00        0.00        0.00        0.00        0.00        0.01        0.00        0.00        0.01      306.03
        1384      863.72       16.60       31.60        4.55        8.20       29.00       -0.30        0.81        4.33      628.90        0.00        0.00        0.00        0.00        0.00        0.01        0.00        0.00        0.01      302.50
        1385      863.61       16.60       31.50        4.40        8.20       29.00       -0.40        0.81        4.30      635.40        0.00        0.00        0.00        0.00        0.00        0.01        0.00        0.00        0.01      319.00
        1386      863.52       16.70       31.80        3.70        8.10       29.10       -0.10        0.81        4.38      641.90        0.00        0.00        0.00        0.00        0.00        0.01        0.00        0.00        0.01      280.00
        1387      863.43       16.65       31.83        4.00        8.15       29.07       -0.18        0.81        4.37      639.07        0.00        0.00        0.00        0.00        0.00        0.01        0.00        0.00        0.01      305.37
        1388      863.30       16.70       31.90        4.20        8.20       29.10       -0.10        0.82        4.41      637.40        0.00        0.00        0.00        0.00        0.00        0.01        0.00        0.00        0.01      266.00
        1389      863.22       16.65       31.72        3.72        8.10       29.08       -0.20        0.81        4.36      648.40        0.00        0.00        0.00        0.00        0.00        0.01        0.00        0.00        0.01      297.02
        1390      863.10       16.55       31.55        4.10        8.10       29.00       -0.35        0.81        4.30      656.90        0.00        0.00        0.00        0.00        0.00        0.01        0.00        0.00        0.01      295.00
        1391      863.00       16.60       31.55        3.90        8.10       29.00       -0.35        0.81        4.31      658.40        0.00        0.00        0.00        0.00        0.00        0.01        0.00        0.00        0.01      303.50
        1392      862.93       16.60       31.70        4.70        8.10       29.10       -0.20        0.81        4.35      666.40        0.00        0.00        0.00        0.00        0.00        0.01        0.00        0.00        0.01      307.00
        1393      862.83       16.50       31.70        3.90        8.10       29.00       -0.30        0.81        4.33      661.90        0.00        0.00        0.00        0.00        0.00        0.01        0.00        0.00        0.01      313.50
        1394      862.72       16.60       31.75        4.30        8.10       29.10       -0.25        0.81        4.34      662.40        0.00        0.00        0.00        0.00        0.00        0.01        0.00        0.00        0.01      301.00
        1395      862.64       16.60       31.95        4.30        8.10       29.10       -0.15        0.81        4.38      675.30        0.00        0.00        0.00        0.00        0.00        0.01        0.00        0.00        0.01      262.00
        1396      862.51       16.54       31.86        4.36        8.10       29.04       -0.24        0.81        4.35      676.52        0.00        0.00        0.00        0.00        0.00        0.01        0.00        0.00        0.01      266.44
        1397      862.38       16.55       31.90        4.08        8.10       29.05       -0.20        0.81        4.36      678.05        0.00        0.00        0.00        0.00        0.00        0.01        0.00        0.00        0.01      261.14
        1398      862.30       16.56       31.90        4.32        8.10       29.06       -0.24        0.81        4.36      677.50        0.00        0.00        0.00        0.00        0.00        0.01        0.00        0.00        0.01      275.97
        1399      862.22       16.50       31.77        4.10        8.10       29.07       -0.30        0.81        4.33      678.63        0.00        0.00        0.00        0.00        0.00        0.01        0.00        0.00        0.01      284.67
        1400      862.11       16.50       31.80        4.90        8.10       29.00       -0.40        0.81        4.31      691.30        0.00        0.00        0.00        0.00        0.00        0.01        0.00        0.00        0.01      310.00
        1401      861.96       16.45       31.80        4.85        8.10       29.00       -0.35        0.81        4.31      691.30        0.00        0.00        0.00        0.00        0.00        0.01        0.00        0.00        0.01      299.00
        1402      861.91       16.50       31.95        5.25        8.10       29.05       -0.25        0.81        4.35      694.80        0.00        0.00        0.00        0.00        0.00        0.01        0.00        0.00        0.01      273.50
        1403      861.80       16.47       32.03        4.70        8.10       29.03       -0.27        0.81        4.35      700.63        0.00        0.00        0.00        0.00        0.00        0.01        0.00        0.00        0.01      306.66
        1404      861.70       16.50       32.05        5.15        8.10       29.05       -0.20        0.81        4.36      699.80        0.00        0.00        0.00        0.00        0.00        0.01        0.00        0.00        0.01      289.50
        1405      861.60       16.47       31.97        4.20        8.10       29.07       -0.27        0.81        4.34      704.63        0.00        0.00        0.00        0.00        0.00        0.01        0.00        0.00        0.01      303.97
        1406      861.49       16.50       31.93        3.63        8.10       29.10       -0.30        0.81        4.34      707.30        0.00        0.00        0.00        0.00        0.00        0.01        0.00        0.00        0.01      293.29
        1408      861.28       16.50       31.90        3.70        8.10       29.17       -0.27        0.81        4.34      715.97        0.00        0.00        0.00        0.00        0.00        0.01        0.00        0.00        0.01      320.67
        1409      861.21       16.45       31.85        4.00        8.10       29.05       -0.35        0.81        4.31      722.80        0.00        0.00        0.00        0.00        0.00        0.01        0.00        0.00        0.01      311.00
        1410      861.09       16.50       31.80        4.00        8.10       29.10       -0.40        0.81        4.31      719.30        0.00        0.00        0.00        0.00        0.00        0.01        0.00        0.00        0.01      324.00
        1411      861.02       16.40       31.90        3.90        8.10       29.10       -0.30        0.81        4.32      721.30        0.00        0.00        0.00        0.00        0.00        0.01        0.00        0.00        0.01      311.00
        1412      860.89       16.42       31.86        4.00        8.10       29.10       -0.34        0.81        4.32      727.10        0.00        0.00        0.00        0.00        0.00        0.01        0.00        0.00        0.01      303.53
        1413      860.81       16.40       31.85        3.90        8.10       29.10       -0.30        0.81        4.33      729.80        0.00        0.00        0.00        0.00        0.00        0.01        0.00        0.00        0.01      305.50
        1414      860.68       16.40       31.90        3.38        8.10       29.10       -0.38        0.81        4.31      735.55        0.00        0.00        0.00        0.00        0.00        0.01        0.00        0.00        0.01      312.50
        1415      860.57       16.43       31.90        3.63        8.10       29.13       -0.33        0.81        4.33      736.63        0.00        0.00        0.00        0.00        0.00        0.01        0.00        0.00        0.01      312.31
        1416      860.50       16.35       31.88        3.42        8.10       29.05       -0.38        0.81        4.30      741.05        0.00        0.00        0.00        0.00        0.00        0.01        0.00        0.00        0.01      306.22
        1417      860.35       16.40       32.10        4.20        8.10       29.10       -0.30        0.81        4.35      749.30        0.00        0.00        0.00        0.00        0.00        0.01        0.00        0.00        0.01      278.00
        1419      860.16       16.40       32.10        4.80        8.10       29.10       -0.30        0.81        4.34      750.30        0.00        0.00        0.00        0.00        0.00        0.01        0.00        0.00        0.01      276.00
        1420      860.08       16.27       32.03        4.50        8.10       28.97       -0.43        0.81        4.29      756.63        0.00        0.00        0.00        0.00        0.00        0.01        0.00        0.00        0.01      268.93
        1421      859.98       16.27       32.03        4.20        8.10       29.00       -0.43        0.81        4.30      758.30        0.00        0.00        0.00        0.00        0.00        0.01        0.00        0.00        0.01      278.49
        1422      859.88       16.20       32.05        3.70        8.10       28.90       -0.50        0.81        4.28      762.30        0.00        0.00        0.00        0.00        0.00        0.01        0.00        0.00        0.01      286.50
        1423      859.75       16.17       32.10        3.07        8.10       28.90       -0.50        0.81        4.28      768.60        0.00        0.00        0.00        0.00        0.00        0.01        0.00        0.00        0.01      298.86
        1424      859.63       16.25       32.40        4.15        8.10       29.00       -0.25        0.81        4.35      781.70        0.00        0.00        0.00        0.00        0.00        0.01        0.00        0.00        0.01      290.00
        1425      859.57       16.27       32.32        3.67        8.10       29.03       -0.30        0.81        4.35      774.55        0.00        0.00        0.00        0.00        0.00        0.01        0.00        0.00        0.01      290.85
        1426      859.46       16.27       32.40        3.93        8.10       29.10       -0.23        0.81        4.37      787.20        0.00        0.00        0.00        0.00        0.00        0.01        0.00        0.00        0.01      321.82
        1427      859.36       16.30       32.40        4.05        8.10       29.10       -0.23        0.81        4.36      787.70        0.00        0.00        0.00        0.00        0.00        0.01        0.00        0.00        0.01      308.00
        1428      859.30       16.25       32.50        4.80        8.10       29.10       -0.25        0.81        4.37      783.20        0.00        0.00        0.00        0.00        0.00        0.01        0.00        0.00        0.01      285.50
        1430      859.05       16.30       32.50        4.90        8.10       29.20       -0.20        0.81        4.40      796.20        0.00        0.00        0.00        0.00        0.00        0.01        0.00        0.00        0.01      356.00
        1431      858.97       16.20       32.30        5.70        8.10       29.10       -0.30        0.81        4.33      799.20        0.00        0.00        0.00        0.00        0.00        0.01        0.00        0.00        0.01      352.00
        1432      858.86       16.30       32.35        4.80        8.10       29.15       -0.25        0.81        4.37      797.70        0.00        0.00        0.00        0.00        0.00        0.01        0.00        0.00        0.01      354.00
        1433      858.75       16.30       32.40        6.55        8.10       29.10       -0.25        0.81        4.37      801.70        0.00        0.00        0.00        0.00        0.00        0.01        0.00        0.00        0.01      353.00
        1434      858.65       16.25       32.45        5.40        8.10       29.10       -0.25        0.81        4.37      805.20        0.00        0.00        0.00        0.00        0.00        0.01        0.00        0.00        0.01        0.50
        1436      858.41       16.30       32.40        4.50        8.10       29.30       -0.20        0.81        4.39      809.20        0.00        0.00        0.00        0.00        0.00        0.01        0.00        0.00        0.01      358.00
        1437      858.37       16.30       32.20        4.40        8.10       29.20       -0.30        0.81        4.35      812.20        0.00        0.00        0.00        0.00        0.00        0.01        0.00        0.00        0.01      352.00
        1438      858.22       16.20       32.30        4.17        8.10       29.13       -0.33        0.81        4.33      819.87        0.00        0.00        0.00        0.00        0.00        0.01        0.00        0.00        0.01      349.04
        1439      858.14       16.20       32.23        4.30        8.10       29.10       -0.40        0.81        4.32      819.87        0.00        0.00        0.00        0.00        0.00        0.01        0.00        0.00        0.01      352.34
        1441      857.93       16.15       32.30        3.30        8.10       29.15       -0.35        0.81        4.33      827.20        0.00        0.00        0.00        0.00        0.00        0.01        0.00        0.00        0.01      356.50
        1442      857.86       16.00       32.40        3.07        8.10       29.00       -0.47        0.81        4.29      829.20        0.00        0.00        0.00        0.00        0.00        0.01        0.00        0.00        0.01      358.69
        1444      857.67       15.95       32.30        1.85        8.10       28.90       -0.60        0.81        4.25      843.20        0.00        0.00        0.00        0.00        0.00        0.01        0.00        0.00        0.01       24.00
        1445      857.54       16.00       32.30        2.83        8.10       28.98       -0.50        0.81        4.27      840.70        0.00        0.00        0.00        0.00        0.00        0.01        0.00        0.00        0.01       27.69
        1446      857.44       15.94       32.33        1.77        8.10       28.91       -0.57        0.81        4.26      845.91        0.00        0.00        0.00        0.00        0.00        0.01        0.00        0.00        0.01       19.05
        1447      857.32       15.97       32.33        2.90        8.10       28.97       -0.57        0.81        4.26      852.37        0.00        0.00        0.00        0.00        0.00        0.01        0.00        0.00        0.01      359.56
        1448      857.21       15.90       32.45        3.80        8.10       28.90       -0.55        0.81        4.26      860.20        0.00        0.00        0.00        0.00        0.00        0.01        0.00        0.00        0.01        0.50
        1451      856.92       15.95       32.50        3.35        8.10       29.00       -0.50        0.81        4.29      865.70        0.00        0.00        0.00        0.00        0.00        0.01        0.00        0.00        0.01        1.50
        1452      856.84       15.87       32.50        3.17        8.10       28.97       -0.53        0.81        4.27      869.83        0.00        0.00        0.00        0.00        0.00        0.01        0.00        0.00        0.01        3.00
        1453      856.72       15.93       32.53        3.37        8.10       29.00       -0.53        0.81        4.29      865.53        0.00        0.00        0.00        0.00        0.00        0.01        0.00        0.00        0.01        0.67
        1454      856.65       15.80       32.60        3.00        8.10       28.90       -0.50        0.81        4.27      878.10        0.00        0.00        0.00        0.00        0.00        0.01        0.00        0.00        0.01      354.00
        1455      856.55       15.82       32.52        3.08        8.10       28.90       -0.58        0.81        4.26      878.50        0.00        0.00        0.00        0.00        0.00        0.01        0.00        0.00        0.01        0.07
        1456      856.42       15.85       32.50        2.95        8.10       28.90       -0.60        0.81        4.26      877.60        0.00        0.00        0.00        0.00        0.00        0.01        0.00        0.00        0.01      360.00
        1457      856.33       15.83       32.53        3.30        8.10       28.93       -0.60        0.81        4.26      881.43        0.00        0.00        0.00        0.00        0.00        0.01        0.00        0.00        0.01      356.00
        1458      856.24       15.90       32.45        4.45        8.10       29.00       -0.55        0.81        4.27      890.60        0.00        0.00        0.00        0.00        0.00        0.01        0.00        0.00        0.01      349.50
        1459      856.09       15.90       32.80        4.60        8.10       29.00       -0.40        0.81        4.31      894.10        0.00        0.00        0.00        0.00        0.00        0.01        0.00        0.00        0.01      348.00
        1461      855.93       15.85       32.80        4.80        8.10       29.00       -0.50        0.81        4.30      896.60        0.00        0.00        0.00        0.00        0.00        0.01        0.00        0.00        0.01      355.50
        1462      855.81       15.85       32.73        4.40        8.10       29.00       -0.50        0.81        4.29      902.35        0.00        0.00        0.00        0.00        0.00        0.01        0.00        0.00        0.01      354.25
        1464      855.64       15.93       32.63        4.13        8.10       29.10       -0.47        0.81        4.31      908.77        0.00        0.00        0.00        0.00        0.00        0.01        0.00        0.00        0.01      352.33
        1465      855.51       15.95       32.45        4.20        8.10       29.15       -0.45        0.81        4.29      917.10        0.00        0.00        0.00        0.00        0.00        0.01        0.00        0.00        0.01      347.50
        1466      855.39       15.97       32.47        4.20        8.10       29.17       -0.47        0.81        4.30      916.77        0.00        0.00        0.00        0.00        0.00        0.01        0.00        0.00        0.01      351.33
        1467      855.29       16.00       32.40        3.90        8.10       29.20       -0.50        0.81        4.28      922.10        0.00        0.00        0.00        0.00        0.00        0.01        0.00        0.00        0.01      353.00
        1468      855.24       15.87       32.37        4.13        8.10       29.07       -0.60        0.81        4.26      920.43        0.00        0.00        0.00        0.00        0.00        0.01        0.00        0.00        0.01      354.00
        1469      855.11       15.94       32.00        3.94        8.10       29.14       -0.68        0.81        4.22      927.70        0.00        0.00        0.00        0.00        0.00        0.01        0.00        0.00        0.01      354.73
        1470      855.02       15.90       31.97        3.87        8.10       29.13       -0.73        0.81        4.20      928.77        0.00        0.00        0.00        0.00        0.00        0.01        0.00        0.00        0.01      358.67
        1471      854.92       15.85       31.70        4.00        8.10       29.10       -0.90        0.81        4.15      934.10        0.00        0.00        0.00        0.00        0.00        0.01        0.00        0.00        0.01      359.50
        1472      854.79       15.90       31.75        3.85        8.10       29.20       -0.85        0.81        4.17      936.10        0.00        0.00        0.00        0.00        0.00        0.01        0.00        0.00        0.01      359.00
        1473      854.72       15.84       31.52        4.02        8.10       29.12       -0.98        0.80        4.13      939.90        0.00        0.00        0.00        0.00        0.00        0.01        0.00        0.00        0.01        4.47
        1474      854.62       15.82       31.06        3.94        8.10       29.12       -1.20        0.80        4.05      946.70        0.00        0.00        0.00        0.00        0.00        0.01        0.00        0.00        0.01        6.87
        1475      854.48       15.90       30.93        3.90        8.10       29.20       -1.20        0.80        4.05      949.10        0.00        0.00        0.00        0.00        0.00        0.01        0.00        0.00        0.01        5.00
        1476      854.41       16.00       30.90        4.80        8.10       29.30       -1.10        0.80        4.08      957.10        0.00        0.00        0.00        0.00        0.00        0.01        0.00        0.00        0.01        4.00
        1477      854.28       15.80       30.70        4.20        8.10       29.10       -1.30        0.80        4.01      954.10        0.00        0.00        0.00        0.00        0.00        0.01        0.00        0.00        0.01      359.00
        1478      854.22       16.00       31.07        4.67        8.10       29.30       -1.07        0.80        4.09      958.10        0.00        0.00        0.00        0.00        0.00        0.01        0.00        0.00        0.01        2.33
        1479      854.09       15.95       31.10        4.60        8.10       29.25       -1.15        0.80        4.08      961.10        0.00        0.00        0.00        0.00        0.00        0.01        0.00        0.00        0.01        1.50
        1480      854.00       15.90       31.10        5.25        8.10       29.20       -1.15        0.80        4.07      960.60        0.00        0.00        0.00        0.00        0.00        0.01        0.00        0.00        0.01        2.50
        1481      853.91       15.88       31.08        4.48        8.10       29.24       -1.14        0.80        4.07      966.68        0.00        0.00        0.00        0.00        0.00        0.01        0.00        0.00        0.01      359.87
        1482      853.80       15.85       31.05        3.50        8.10       29.25       -1.20        0.80        4.06      972.55        0.00        0.00        0.00        0.00        0.00        0.01        0.00        0.00        0.01      355.50
        1483      853.72       15.75       30.95        3.40        8.10       29.15       -1.30        0.80        4.03      982.50        0.00        0.00        0.00        0.00        0.00        0.01        0.00        0.00        0.01      354.50
        1484      853.66       15.80       30.70        2.70        8.10       29.20       -1.40        0.80        4.00      981.00        0.00        0.00        0.00        0.00        0.00        0.01        0.00        0.00        0.01      352.00
        1485      853.48       15.70       31.35        3.40        8.10       29.10       -1.15        0.80        4.07      991.00        0.00        0.00        0.00        0.00        0.00        0.01        0.00        0.00        0.01      354.50
        1486      853.40       15.75       31.30        3.45        8.10       29.15       -1.15        0.80        4.07      988.00        0.00        0.00        0.00        0.00        0.00        0.01        0.00        0.00        0.01      359.00
        1487      853.29       15.70       31.40        3.40        8.10       29.10       -1.20        0.80        4.07      996.00        0.00        0.00        0.00        0.00        0.00        0.01        0.00        0.00        0.01      349.00
        1488      853.19       15.75       31.05        2.90        8.10       29.15       -1.25        0.80        4.03      998.00        0.00        0.00        0.00        0.00        0.00        0.01        0.00        0.00        0.01        2.50
        1489      853.09       15.75       31.03        2.92        8.10       29.18       -1.30        0.80        4.02     1000.75        0.00        0.00        0.00        0.00        0.00        0.01        0.00        0.00        0.01      359.00
        1490      853.01       15.70       31.05        3.15        8.10       29.15       -1.30        0.80        4.02     1004.50        0.00        0.00        0.00        0.00        0.00        0.01        0.00        0.00        0.01      360.00
        1491      852.92       15.75       30.75        2.92        8.10       29.15       -1.42        0.80        3.98     1007.83        0.00        0.00        0.00        0.00        0.00        0.01        0.00        0.00        0.01        4.17
        1492      852.80       15.64       31.28        3.06        8.10       29.12       -1.26        0.80        4.04     1015.40        0.00        0.00        0.00        0.00        0.00        0.01        0.00        0.00        0.01        3.87
        1493      852.67       15.55       31.85        3.40        8.10       29.00       -1.10        0.81        4.09     1020.50        0.00        0.00        0.00        0.00        0.00        0.01        0.00        0.00        0.01        1.00
        1494      852.61       15.60       31.90        3.40        8.10       29.00       -1.10        0.80        4.10     1020.00        0.00        0.00        0.00        0.00        0.00        0.01        0.00        0.00        0.01      355.00
        1495      852.51       15.53       32.32        3.35        8.10       29.00       -0.93        0.81        4.16     1024.67        0.00        0.00        0.00        0.00        0.00        0.01        0.00        0.00        0.01      358.83
        1497      852.27       15.50       32.83        3.27        8.10       28.93       -0.80        0.81        4.21     1033.00        0.00        0.00        0.00        0.00        0.00        0.01        0.00        0.00        0.01      351.67
        1498      852.15       15.50       33.00        3.40        8.10       29.00       -0.70        0.81        4.25     1035.00        0.00        0.00        0.00        0.00        0.00        0.01        0.00        0.00        0.01      359.00
        1499      852.14       15.50       33.00        3.50        8.10       29.00       -0.70        0.81        4.24     1037.00        0.00        0.00        0.00        0.00        0.00        0.01        0.00        0.00        0.01        1.00
