1000.000     288.00        0.00
0	288.000	0	10	0
50	288.005	0	10	0
100	288.010	0	10	0
150	288.015	0	10	0
200	288.020	0	10	0
250	288.025	0	10	0
300	288.030	0	10	0
350	288.035	0	10	0
400	288.040	0	10	0
450	288.045	0	10	0
500	288.645	0	10	0
550	289.245	0	10	0
600	289.845	0	10	0
650	290.445	0	10	0
700	291.045	0	10	0
750	291.645	0	10	0
800	291.795	0	10	0
850	291.945	0	10	0
900	292.095	0	10	0
950	292.245	0	10	0
1000	292.395	0	10	0
1050	292.545	0	10	0
1100	292.695	0	10	0
1150	292.845	0	10	0
1200	292.995	0	10	0
1250	293.145	0	10	0
1300	293.295	0	10	0
1350	293.445	0	10	0
1400	293.595	0	10	0
1450	293.745	0	10	0
1500	293.895	0	10	0
1550	294.045	0	10	0
1600	294.195	0	10	0
1650	294.345	0	10	0
1700	294.495	0	10	0
1750	294.645	0	10	0
1800	294.795	0	10	0
1850	294.945	0	10	0
1900	295.095	0	10	0
1950	295.245	0	10	0
2000	295.395	0	10	0
2050	295.545	0	10	0
2100	295.695	0	10	0
2150	295.845	0	10	0
2200	295.995	0	10	0
2250	296.145	0	10	0
2300	296.295	0	10	0
2350	296.445	0	10	0
2400	296.595	0	10	0
2450	296.745	0	10	0
2500	296.895	0	10	0
2550	297.045	0	10	0
2600	297.195	0	10	0
2650	297.345	0	10	0
2700	297.495	0	10	0
2750	297.645	0	10	0
2800	297.795	0	10	0
2850	297.945	0	10	0
2900	298.095	0	10	0
2950	298.245	0	10	0
3000	298.395	0	10	0
3050	298.545	0	10	0
3100	298.695	0	10	0
3150	298.845	0	10	0
3200	298.995	0	10	0
3250	299.145	0	10	0
3300	299.295	0	10	0
3350	299.445	0	10	0
3400	299.595	0	10	0
3450	299.745	0	10	0
3500	299.895	0	10	0
3550	300.045	0	10	0
3600	300.195	0	10	0
3650	300.345	0	10	0
3700	300.495	0	10	0
3750	300.645	0	10	0
3800	300.795	0	10	0
3850	300.945	0	10	0
3900	301.095	0	10	0
3950	301.245	0	10	0
4000	301.395	0	10	0
4050	301.545	0	10	0
4100	301.695	0	10	0
4150	301.845	0	10	0
4200	301.995	0	10	0
4250	302.145	0	10	0
4300	302.295	0	10	0
4350	302.445	0	10	0
4400	302.595	0	10	0
4450	302.745	0	10	0
4500	302.895	0	10	0
4550	303.045	0	10	0
4600	303.195	0	10	0
4650	303.345	0	10	0
4700	303.495	0	10	0
4750	303.645	0	10	0
4800	303.795	0	10	0
4850	303.945	0	10	0
4900	304.095	0	10	0
4950	304.245	0	10	0
5000	304.395	0	10	0
5050	304.545	0	10	0
5100	304.695	0	10	0
5150	304.845	0	10	0
5200	304.995	0	10	0
5250	305.145	0	10	0
5300	305.295	0	10	0
5350	305.445	0	10	0
5400	305.595	0	10	0
5450	305.745	0	10	0
5500	305.895	0	10	0
5550	306.045	0	10	0
5600	306.195	0	10	0
5650	306.345	0	10	0
5700	306.495	0	10	0
5750	306.645	0	10	0
5800	306.795	0	10	0
5850	306.945	0	10	0
5900	307.095	0	10	0
5950	307.245	0	10	0
6000	307.395	0	10	0
6050	307.545	0	10	0
6100	307.695	0	10	0
6150	307.845	0	10	0
6200	307.995	0	10	0
6250	308.145	0	10	0
6300	308.295	0	10	0
6350	308.445	0	10	0
6400	308.595	0	10	0
6450	308.745	0	10	0
6500	308.895	0	10	0
6550	309.045	0	10	0
6600	309.195	0	10	0
6650	309.345	0	10	0
6700	309.495	0	10	0
6750	309.645	0	10	0
6800	309.795	0	10	0
6850	309.945	0	10	0
6900	310.095	0	10	0
6950	310.245	0	10	0
7000	310.395	0	10	0
7050	310.545	0	10	0
7100	310.695	0	10	0
7150	310.845	0	10	0
7200	310.995	0	10	0
7250	311.145	0	10	0
7300	311.295	0	10	0
7350	311.445	0	10	0
7400	311.595	0	10	0
7450	311.745	0	10	0
7500	311.895	0	10	0
7550	312.045	0	10	0
7600	312.195	0	10	0
7650	312.345	0	10	0
7700	312.495	0	10	0
7750	312.645	0	10	0
7800	312.795	0	10	0
7850	312.945	0	10	0
7900	313.095	0	10	0
7950	313.245	0	10	0
8000	313.395	0	10	0
8050	313.545	0	10	0
8100	313.695	0	10	0
8150	313.845	0	10	0
8200	313.995	0	10	0
8250	314.145	0	10	0
8300	314.295	0	10	0
8350	314.445	0	10	0
8400	314.595	0	10	0
8450	314.745	0	10	0
8500	314.895	0	10	0
8550	315.045	0	10	0
8600	315.195	0	10	0
8650	315.345	0	10	0
8700	315.495	0	10	0
8750	315.645	0	10	0
8800	315.795	0	10	0
8850	315.945	0	10	0
8900	316.095	0	10	0
8950	316.245	0	10	0
9000	316.395	0	10	0
9050	316.545	0	10	0
9100	316.695	0	10	0
9150	316.845	0	10	0
9200	316.995	0	10	0
9250	317.145	0	10	0
9300	317.295	0	10	0
9350	317.445	0	10	0
9400	317.595	0	10	0
9450	317.745	0	10	0
9500	317.895	0	10	0
9550	318.045	0	10	0
9600	318.195	0	10	0
9650	318.345	0	10	0
9700	318.495	0	10	0
9750	318.645	0	10	0
9800	318.795	0	10	0
9850	318.945	0	10	0
9900	319.095	0	10	0
9950	319.245	0	10	0
10000	319.395	0	10	0
10050	319.545	0	10	0
10100	319.695	0	10	0
10150	319.845	0	10	0
10200	319.995	0	10	0
10250	320.145	0	10	0
10300	320.295	0	10	0
10350	320.445	0	10	0
10400	320.595	0	10	0
10450	320.745	0	10	0
10500	320.895	0	10	0
10550	321.045	0	10	0
10600	321.195	0	10	0
10650	321.345	0	10	0
10700	321.495	0	10	0
10750	321.645	0	10	0
10800	321.795	0	10	0
10850	321.945	0	10	0
10900	322.095	0	10	0
10950	322.245	0	10	0
11000	322.395	0	10	0
11050	322.545	0	10	0
11100	322.695	0	10	0
11150	322.845	0	10	0
11200	322.995	0	10	0
11250	323.145	0	10	0
11300	323.295	0	10	0
11350	323.445	0	10	0
11400	323.595	0	10	0
11450	323.745	0	10	0
11500	323.895	0	10	0
11550	324.045	0	10	0
11600	324.195	0	10	0
11650	324.345	0	10	0
11700	324.495	0	10	0
11750	324.645	0	10	0
11800	324.795	0	10	0
11850	324.945	0	10	0
11900	325.095	0	10	0
11950	325.245	0	10	0
12000	325.395	0	10	0
12050	325.545	0	10	0
12100	325.695	0	10	0
12150	325.845	0	10	0
12200	325.995	0	10	0
12250	326.145	0	10	0
12300	326.295	0	10	0
12350	326.445	0	10	0
12400	326.595	0	10	0
12450	326.745	0	10	0
12500	326.895	0	10	0
12550	327.045	0	10	0
12600	327.195	0	10	0
12650	327.345	0	10	0
12700	327.495	0	10	0
12750	327.645	0	10	0
12800	327.795	0	10	0
12850	327.945	0	10	0
12900	328.095	0	10	0
12950	328.245	0	10	0
13000	328.395	0	10	0
13050	328.545	0	10	0
13100	328.695	0	10	0
13150	328.845	0	10	0
13200	328.995	0	10	0
13250	329.145	0	10	0
13300	329.295	0	10	0
13350	329.445	0	10	0
13400	329.595	0	10	0
13450	329.745	0	10	0
13500	329.895	0	10	0
13550	330.045	0	10	0
13600	330.195	0	10	0
13650	330.345	0	10	0
13700	330.495	0	10	0
13750	330.645	0	10	0
13800	330.795	0	10	0
13850	330.945	0	10	0
13900	331.095	0	10	0
13950	331.245	0	10	0
14000	331.395	0	10	0
14050	331.545	0	10	0
14100	331.695	0	10	0
14150	331.845	0	10	0
14200	331.995	0	10	0
14250	332.145	0	10	0
14300	332.295	0	10	0
14350	332.445	0	10	0
14400	332.595	0	10	0
14450	332.745	0	10	0
14500	332.895	0	10	0
14550	333.045	0	10	0
14600	333.195	0	10	0
14650	333.345	0	10	0
14700	333.495	0	10	0
14750	333.645	0	10	0
14800	333.795	0	10	0
14850	333.945	0	10	0
14900	334.095	0	10	0
14950	334.245	0	10	0
15000	334.395	0	10	0
15050	334.545	0	10	0
15100	334.695	0	10	0
15150	334.845	0	10	0
15200	334.995	0	10	0
15250	335.145	0	10	0
15300	335.295	0	10	0
15350	335.445	0	10	0
15400	335.595	0	10	0
15450	335.745	0	10	0
15500	335.895	0	10	0
15550	336.045	0	10	0
15600	336.195	0	10	0
15650	336.345	0	10	0
15700	336.495	0	10	0
15750	336.645	0	10	0
15800	336.795	0	10	0
15850	336.945	0	10	0
15900	337.095	0	10	0
15950	337.245	0	10	0
16000	337.395	0	10	0
16050	337.545	0	10	0
16100	337.695	0	10	0
16150	337.845	0	10	0
16200	337.995	0	10	0
16250	338.145	0	10	0
16300	338.295	0	10	0
16350	338.445	0	10	0
16400	338.595	0	10	0
16450	338.745	0	10	0
16500	338.895	0	10	0
16550	339.045	0	10	0
16600	339.195	0	10	0
16650	339.345	0	10	0
16700	339.495	0	10	0
16750	339.645	0	10	0
16800	339.795	0	10	0
16850	339.945	0	10	0
16900	340.095	0	10	0
16950	340.245	0	10	0
17000	340.395	0	10	0
17050	340.545	0	10	0
17100	340.695	0	10	0
17150	340.845	0	10	0
17200	340.995	0	10	0
17250	341.145	0	10	0
17300	341.295	0	10	0
17350	341.445	0	10	0
17400	341.595	0	10	0
17450	341.745	0	10	0
17500	341.895	0	10	0
17550	342.045	0	10	0
17600	342.195	0	10	0
17650	342.345	0	10	0
17700	342.495	0	10	0
17750	342.645	0	10	0
17800	342.795	0	10	0
17850	342.945	0	10	0
17900	343.095	0	10	0
17950	343.245	0	10	0
18000	343.395	0	10	0
18050	343.545	0	10	0
18100	343.695	0	10	0
18150	343.845	0	10	0
18200	343.995	0	10	0
18250	344.145	0	10	0
18300	344.295	0	10	0
18350	344.445	0	10	0
18400	344.595	0	10	0
18450	344.745	0	10	0
18500	344.895	0	10	0
18550	345.045	0	10	0
18600	345.195	0	10	0
18650	345.345	0	10	0
18700	345.495	0	10	0
18750	345.645	0	10	0
18800	345.795	0	10	0
18850	345.945	0	10	0
18900	346.095	0	10	0
18950	346.245	0	10	0
19000	346.395	0	10	0
19050	346.545	0	10	0
19100	346.695	0	10	0
19150	346.845	0	10	0
19200	346.995	0	10	0
19250	347.145	0	10	0
19300	347.295	0	10	0
19350	347.445	0	10	0
19400	347.595	0	10	0
19450	347.745	0	10	0
19500	347.895	0	10	0
19550	348.045	0	10	0
19600	348.195	0	10	0
19650	348.345	0	10	0
19700	348.495	0	10	0
19750	348.645	0	10	0
19800	348.795	0	10	0
19850	348.945	0	10	0
19900	349.095	0	10	0
19950	349.245	0	10	0
20000	349.395	0	10	0
20050	349.545	0	10	0
20100	349.695	0	10	0
20150	349.845	0	10	0
20200	349.995	0	10	0
20250	350.145	0	10	0
20300	350.295	0	10	0
20350	350.445	0	10	0
20400	350.595	0	10	0
20450	350.745	0	10	0
20500	350.895	0	10	0
20550	351.045	0	10	0
20600	351.195	0	10	0
20650	351.345	0	10	0
20700	351.495	0	10	0
20750	351.645	0	10	0
20800	351.795	0	10	0
20850	351.945	0	10	0
20900	352.095	0	10	0
20950	352.245	0	10	0
21000	352.395	0	10	0
21050	352.545	0	10	0
21100	352.695	0	10	0
21150	352.845	0	10	0
21200	352.995	0	10	0
21250	353.145	0	10	0
21300	353.295	0	10	0
21350	353.445	0	10	0
21400	353.595	0	10	0
21450	353.745	0	10	0
21500	353.895	0	10	0
21550	354.045	0	10	0
21600	354.195	0	10	0
21650	354.345	0	10	0
21700	354.495	0	10	0
21750	354.645	0	10	0
21800	354.795	0	10	0
21850	354.945	0	10	0
21900	355.095	0	10	0
21950	355.245	0	10	0
22000	355.395	0	10	0
22050	355.545	0	10	0
22100	355.695	0	10	0
22150	355.845	0	10	0
22200	355.995	0	10	0
22250	356.145	0	10	0
22300	356.295	0	10	0
22350	356.445	0	10	0
22400	356.595	0	10	0
22450	356.745	0	10	0
22500	356.895	0	10	0
22550	357.045	0	10	0
22600	357.195	0	10	0
22650	357.345	0	10	0
22700	357.495	0	10	0
22750	357.645	0	10	0
22800	357.795	0	10	0
22850	357.945	0	10	0
22900	358.095	0	10	0
22950	358.245	0	10	0
23000	358.395	0	10	0
23050	358.545	0	10	0
23100	358.695	0	10	0
23150	358.845	0	10	0
23200	358.995	0	10	0
23250	359.145	0	10	0
23300	359.295	0	10	0
23350	359.445	0	10	0
23400	359.595	0	10	0
23450	359.745	0	10	0
23500	359.895	0	10	0
23550	360.045	0	10	0
23600	360.195	0	10	0
23650	360.345	0	10	0
23700	360.495	0	10	0
23750	360.645	0	10	0
23800	360.795	0	10	0
23850	360.945	0	10	0
23900	361.095	0	10	0
23950	361.245	0	10	0
24000	361.395	0	10	0
24050	361.545	0	10	0
24100	361.695	0	10	0
24150	361.845	0	10	0
24200	361.995	0	10	0
24250	362.145	0	10	0
24300	362.295	0	10	0
24350	362.445	0	10	0
24400	362.595	0	10	0
24450	362.745	0	10	0
24500	362.895	0	10	0
24550	363.045	0	10	0
24600	363.195	0	10	0
24650	363.345	0	10	0
24700	363.495	0	10	0
24750	363.645	0	10	0
24800	363.795	0	10	0
24850	363.945	0	10	0
24900	364.095	0	10	0
24950	364.245	0	10	0
25000	364.395	0	10	0
25050	364.545	0	10	0
25100	364.695	0	10	0
25150	364.845	0	10	0
25200	364.995	0	10	0
25250	365.145	0	10	0
25300	365.295	0	10	0
25350	365.445	0	10	0
25400	365.595	0	10	0
25450	365.745	0	10	0
25500	365.895	0	10	0
25550	366.045	0	10	0
25600	366.195	0	10	0
25650	366.345	0	10	0
25700	366.495	0	10	0
25750	366.645	0	10	0
25800	366.795	0	10	0
25850	366.945	0	10	0
25900	367.095	0	10	0
25950	367.245	0	10	0
26000	367.395	0	10	0
26050	367.545	0	10	0
26100	367.695	0	10	0
26150	367.845	0	10	0
26200	367.995	0	10	0
26250	368.145	0	10	0
26300	368.295	0	10	0
26350	368.445	0	10	0
26400	368.595	0	10	0
26450	368.745	0	10	0
26500	368.895	0	10	0
26550	369.045	0	10	0
26600	369.195	0	10	0
26650	369.345	0	10	0
26700	369.495	0	10	0
26750	369.645	0	10	0
26800	369.795	0	10	0
26850	369.945	0	10	0
26900	370.095	0	10	0
26950	370.245	0	10	0
27000	370.395	0	10	0
27050	370.545	0	10	0
27100	370.695	0	10	0
27150	370.845	0	10	0
27200	370.995	0	10	0
27250	371.145	0	10	0
27300	371.295	0	10	0
27350	371.445	0	10	0
27400	371.595	0	10	0
27450	371.745	0	10	0
27500	371.895	0	10	0
27550	372.045	0	10	0
27600	372.195	0	10	0
27650	372.345	0	10	0
27700	372.495	0	10	0
27750	372.645	0	10	0
27800	372.795	0	10	0
27850	372.945	0	10	0
27900	373.095	0	10	0
27950	373.245	0	10	0
28000	373.395	0	10	0
28050	373.545	0	10	0
28100	373.695	0	10	0
28150	373.845	0	10	0
28200	373.995	0	10	0
28250	374.145	0	10	0
28300	374.295	0	10	0
28350	374.445	0	10	0
28400	374.595	0	10	0
28450	374.745	0	10	0
28500	374.895	0	10	0
28550	375.045	0	10	0
28600	375.195	0	10	0
28650	375.345	0	10	0
28700	375.495	0	10	0
28750	375.645	0	10	0
28800	375.795	0	10	0
28850	375.945	0	10	0
28900	376.095	0	10	0
28950	376.245	0	10	0
29000	376.395	0	10	0
29050	376.545	0	10	0
29100	376.695	0	10	0
29150	376.845	0	10	0
29200	376.995	0	10	0
29250	377.145	0	10	0
29300	377.295	0	10	0
29350	377.445	0	10	0
29400	377.595	0	10	0
29450	377.745	0	10	0
29500	377.895	0	10	0
29550	378.045	0	10	0
29600	378.195	0	10	0
29650	378.345	0	10	0
29700	378.495	0	10	0
29750	378.645	0	10	0
29800	378.795	0	10	0
29850	378.945	0	10	0
29900	379.095	0	10	0
29950	379.245	0	10	0
30000	379.395	0	10	0
