1000.000     288.00        0.00
0	288.00	0	10	0
50	288.005	0	10	0
100	288.010	0	10	0
150	288.015	0	10	0
200	288.020	0	10	0
250	288.025	0	10	0
300	288.030	0	10	0
350	288.035	0	10	0
400	288.040	0	10	0
450	288.045	0	10	0
500	288.050	0	10	0
550	288.055	0	10	0
600	288.060	0	10	0
650	288.065	0	10	0
700	288.070	0	10	0
750	288.990	0	10	0
800	289.910	0	10	0
850	290.830	0	10	0
900	291.750	0	10	0
950	292.670	0	10	0
1000	293.590	0	10	0
1050	293.740	0	10	0
1100	293.890	0	10	0
1150	294.040	0	10	0
1200	294.190	0	10	0
1250	294.340	0	10	0
1300	294.490	0	10	0
1350	294.640	0	10	0
1400	294.790	0	10	0
1450	294.940	0	10	0
1500	295.090	0	10	0
1550	295.240	0	10	0
1600	295.390	0	10	0
1650	295.540	0	10	0
1700	295.690	0	10	0
1750	295.840	0	10	0
1800	295.990	0	10	0
1850	296.140	0	10	0
1900	296.290	0	10	0
1950	296.440	0	10	0
2000	296.590	0	10	0
2050	296.740	0	10	0
2100	296.890	0	10	0
2150	297.040	0	10	0
2200	297.190	0	10	0
2250	297.340	0	10	0
2300	297.490	0	10	0
2350	297.640	0	10	0
2400	297.790	0	10	0
2450	297.940	0	10	0
2500	298.090	0	10	0
2550	298.240	0	10	0
2600	298.390	0	10	0
2650	298.540	0	10	0
2700	298.690	0	10	0
2750	298.840	0	10	0
2800	298.990	0	10	0
2850	299.140	0	10	0
2900	299.290	0	10	0
2950	299.440	0	10	0
3000	299.590	0	10	0
3050	299.740	0	10	0
3100	299.890	0	10	0
3150	300.040	0	10	0
3200	300.190	0	10	0
3250	300.340	0	10	0
3300	300.490	0	10	0
3350	300.640	0	10	0
3400	300.790	0	10	0
3450	300.940	0	10	0
3500	301.090	0	10	0
3550	301.240	0	10	0
3600	301.390	0	10	0
3650	301.540	0	10	0
3700	301.690	0	10	0
3750	301.840	0	10	0
3800	301.990	0	10	0
3850	302.140	0	10	0
3900	302.290	0	10	0
3950	302.440	0	10	0
4000	302.590	0	10	0
4050	302.740	0	10	0
4100	302.890	0	10	0
4150	303.040	0	10	0
4200	303.190	0	10	0
4250	303.340	0	10	0
4300	303.490	0	10	0
4350	303.640	0	10	0
4400	303.790	0	10	0
4450	303.940	0	10	0
4500	304.090	0	10	0
4550	304.240	0	10	0
4600	304.390	0	10	0
4650	304.540	0	10	0
4700	304.690	0	10	0
4750	304.840	0	10	0
4800	304.990	0	10	0
4850	305.140	0	10	0
4900	305.290	0	10	0
4950	305.440	0	10	0
5000	305.590	0	10	0
5050	305.740	0	10	0
5100	305.890	0	10	0
5150	306.040	0	10	0
5200	306.190	0	10	0
5250	306.340	0	10	0
5300	306.490	0	10	0
5350	306.640	0	10	0
5400	306.790	0	10	0
5450	306.940	0	10	0
5500	307.090	0	10	0
5550	307.240	0	10	0
5600	307.390	0	10	0
5650	307.540	0	10	0
5700	307.690	0	10	0
5750	307.840	0	10	0
5800	307.990	0	10	0
5850	308.140	0	10	0
5900	308.290	0	10	0
5950	308.440	0	10	0
6000	308.590	0	10	0
6050	308.740	0	10	0
6100	308.890	0	10	0
6150	309.040	0	10	0
6200	309.190	0	10	0
6250	309.340	0	10	0
6300	309.490	0	10	0
6350	309.640	0	10	0
6400	309.790	0	10	0
6450	309.940	0	10	0
6500	310.090	0	10	0
6550	310.240	0	10	0
6600	310.390	0	10	0
6650	310.540	0	10	0
6700	310.690	0	10	0
6750	310.840	0	10	0
6800	310.990	0	10	0
6850	311.140	0	10	0
6900	311.290	0	10	0
6950	311.440	0	10	0
7000	311.590	0	10	0
7050	311.740	0	10	0
7100	311.890	0	10	0
7150	312.040	0	10	0
7200	312.190	0	10	0
7250	312.340	0	10	0
7300	312.490	0	10	0
7350	312.640	0	10	0
7400	312.790	0	10	0
7450	312.940	0	10	0
7500	313.090	0	10	0
7550	313.240	0	10	0
7600	313.390	0	10	0
7650	313.540	0	10	0
7700	313.690	0	10	0
7750	313.840	0	10	0
7800	313.990	0	10	0
7850	314.140	0	10	0
7900	314.290	0	10	0
7950	314.440	0	10	0
8000	314.590	0	10	0
8050	314.740	0	10	0
8100	314.890	0	10	0
8150	315.040	0	10	0
8200	315.190	0	10	0
8250	315.340	0	10	0
8300	315.490	0	10	0
8350	315.640	0	10	0
8400	315.790	0	10	0
8450	315.940	0	10	0
8500	316.090	0	10	0
8550	316.240	0	10	0
8600	316.390	0	10	0
8650	316.540	0	10	0
8700	316.690	0	10	0
8750	316.840	0	10	0
8800	316.990	0	10	0
8850	317.140	0	10	0
8900	317.290	0	10	0
8950	317.440	0	10	0
9000	317.590	0	10	0
9050	317.740	0	10	0
9100	317.890	0	10	0
9150	318.040	0	10	0
9200	318.190	0	10	0
9250	318.340	0	10	0
9300	318.490	0	10	0
9350	318.640	0	10	0
9400	318.790	0	10	0
9450	318.940	0	10	0
9500	319.090	0	10	0
9550	319.240	0	10	0
9600	319.390	0	10	0
9650	319.540	0	10	0
9700	319.690	0	10	0
9750	319.840	0	10	0
9800	319.990	0	10	0
9850	320.140	0	10	0
9900	320.290	0	10	0
9950	320.440	0	10	0
10000	320.590	0	10	0
10050	320.740	0	10	0
10100	320.890	0	10	0
10150	321.040	0	10	0
10200	321.190	0	10	0
10250	321.340	0	10	0
10300	321.490	0	10	0
10350	321.640	0	10	0
10400	321.790	0	10	0
10450	321.940	0	10	0
10500	322.090	0	10	0
10550	322.240	0	10	0
10600	322.390	0	10	0
10650	322.540	0	10	0
10700	322.690	0	10	0
10750	322.840	0	10	0
10800	322.990	0	10	0
10850	323.140	0	10	0
10900	323.290	0	10	0
10950	323.440	0	10	0
11000	323.590	0	10	0
11050	323.740	0	10	0
11100	323.890	0	10	0
11150	324.040	0	10	0
11200	324.190	0	10	0
11250	324.340	0	10	0
11300	324.490	0	10	0
11350	324.640	0	10	0
11400	324.790	0	10	0
11450	324.940	0	10	0
11500	325.090	0	10	0
11550	325.240	0	10	0
11600	325.390	0	10	0
11650	325.540	0	10	0
11700	325.690	0	10	0
11750	325.840	0	10	0
11800	325.990	0	10	0
11850	326.140	0	10	0
11900	326.290	0	10	0
11950	326.440	0	10	0
12000	326.590	0	10	0
12050	326.740	0	10	0
12100	326.890	0	10	0
12150	327.040	0	10	0
12200	327.190	0	10	0
12250	327.340	0	10	0
12300	327.490	0	10	0
12350	327.640	0	10	0
12400	327.790	0	10	0
12450	327.940	0	10	0
12500	328.090	0	10	0
12550	328.240	0	10	0
12600	328.390	0	10	0
12650	328.540	0	10	0
12700	328.690	0	10	0
12750	328.840	0	10	0
12800	328.990	0	10	0
12850	329.140	0	10	0
12900	329.290	0	10	0
12950	329.440	0	10	0
13000	329.590	0	10	0
13050	329.740	0	10	0
13100	329.890	0	10	0
13150	330.040	0	10	0
13200	330.190	0	10	0
13250	330.340	0	10	0
13300	330.490	0	10	0
13350	330.640	0	10	0
13400	330.790	0	10	0
13450	330.940	0	10	0
13500	331.090	0	10	0
13550	331.240	0	10	0
13600	331.390	0	10	0
13650	331.540	0	10	0
13700	331.690	0	10	0
13750	331.840	0	10	0
13800	331.990	0	10	0
13850	332.140	0	10	0
13900	332.290	0	10	0
13950	332.440	0	10	0
14000	332.590	0	10	0
14050	332.740	0	10	0
14100	332.890	0	10	0
14150	333.040	0	10	0
14200	333.190	0	10	0
14250	333.340	0	10	0
14300	333.490	0	10	0
14350	333.640	0	10	0
14400	333.790	0	10	0
14450	333.940	0	10	0
14500	334.090	0	10	0
14550	334.240	0	10	0
14600	334.390	0	10	0
14650	334.540	0	10	0
14700	334.690	0	10	0
14750	334.840	0	10	0
14800	334.990	0	10	0
14850	335.140	0	10	0
14900	335.290	0	10	0
14950	335.440	0	10	0
15000	335.590	0	10	0
15050	335.740	0	10	0
15100	335.890	0	10	0
15150	336.040	0	10	0
15200	336.190	0	10	0
15250	336.340	0	10	0
15300	336.490	0	10	0
15350	336.640	0	10	0
15400	336.790	0	10	0
15450	336.940	0	10	0
15500	337.090	0	10	0
15550	337.240	0	10	0
15600	337.390	0	10	0
15650	337.540	0	10	0
15700	337.690	0	10	0
15750	337.840	0	10	0
15800	337.990	0	10	0
15850	338.140	0	10	0
15900	338.290	0	10	0
15950	338.440	0	10	0
16000	338.590	0	10	0
16050	338.740	0	10	0
16100	338.890	0	10	0
16150	339.040	0	10	0
16200	339.190	0	10	0
16250	339.340	0	10	0
16300	339.490	0	10	0
16350	339.640	0	10	0
16400	339.790	0	10	0
16450	339.940	0	10	0
16500	340.090	0	10	0
16550	340.240	0	10	0
16600	340.390	0	10	0
16650	340.540	0	10	0
16700	340.690	0	10	0
16750	340.840	0	10	0
16800	340.990	0	10	0
16850	341.140	0	10	0
16900	341.290	0	10	0
16950	341.440	0	10	0
17000	341.590	0	10	0
17050	341.740	0	10	0
17100	341.890	0	10	0
17150	342.040	0	10	0
17200	342.190	0	10	0
17250	342.340	0	10	0
17300	342.490	0	10	0
17350	342.640	0	10	0
17400	342.790	0	10	0
17450	342.940	0	10	0
17500	343.090	0	10	0
17550	343.240	0	10	0
17600	343.390	0	10	0
17650	343.540	0	10	0
17700	343.690	0	10	0
17750	343.840	0	10	0
17800	343.990	0	10	0
17850	344.140	0	10	0
17900	344.290	0	10	0
17950	344.440	0	10	0
18000	344.590	0	10	0
18050	344.740	0	10	0
18100	344.890	0	10	0
18150	345.040	0	10	0
18200	345.190	0	10	0
18250	345.340	0	10	0
18300	345.490	0	10	0
18350	345.640	0	10	0
18400	345.790	0	10	0
18450	345.940	0	10	0
18500	346.090	0	10	0
18550	346.240	0	10	0
18600	346.390	0	10	0
18650	346.540	0	10	0
18700	346.690	0	10	0
18750	346.840	0	10	0
18800	346.990	0	10	0
18850	347.140	0	10	0
18900	347.290	0	10	0
18950	347.440	0	10	0
19000	347.590	0	10	0
19050	347.740	0	10	0
19100	347.890	0	10	0
19150	348.040	0	10	0
19200	348.190	0	10	0
19250	348.340	0	10	0
19300	348.490	0	10	0
19350	348.640	0	10	0
19400	348.790	0	10	0
19450	348.940	0	10	0
19500	349.090	0	10	0
19550	349.240	0	10	0
19600	349.390	0	10	0
19650	349.540	0	10	0
19700	349.690	0	10	0
19750	349.840	0	10	0
19800	349.990	0	10	0
19850	350.140	0	10	0
19900	350.290	0	10	0
19950	350.440	0	10	0
20000	350.590	0	10	0
20050	350.740	0	10	0
20100	350.890	0	10	0
20150	351.040	0	10	0
20200	351.190	0	10	0
20250	351.340	0	10	0
20300	351.490	0	10	0
20350	351.640	0	10	0
20400	351.790	0	10	0
20450	351.940	0	10	0
20500	352.090	0	10	0
20550	352.240	0	10	0
20600	352.390	0	10	0
20650	352.540	0	10	0
20700	352.690	0	10	0
20750	352.840	0	10	0
20800	352.990	0	10	0
20850	353.140	0	10	0
20900	353.290	0	10	0
20950	353.440	0	10	0
21000	353.590	0	10	0
21050	353.740	0	10	0
21100	353.890	0	10	0
21150	354.040	0	10	0
21200	354.190	0	10	0
21250	354.340	0	10	0
21300	354.490	0	10	0
21350	354.640	0	10	0
21400	354.790	0	10	0
21450	354.940	0	10	0
21500	355.090	0	10	0
21550	355.240	0	10	0
21600	355.390	0	10	0
21650	355.540	0	10	0
21700	355.690	0	10	0
21750	355.840	0	10	0
21800	355.990	0	10	0
21850	356.140	0	10	0
21900	356.290	0	10	0
21950	356.440	0	10	0
22000	356.590	0	10	0
22050	356.740	0	10	0
22100	356.890	0	10	0
22150	357.040	0	10	0
22200	357.190	0	10	0
22250	357.340	0	10	0
22300	357.490	0	10	0
22350	357.640	0	10	0
22400	357.790	0	10	0
22450	357.940	0	10	0
22500	358.090	0	10	0
22550	358.240	0	10	0
22600	358.390	0	10	0
22650	358.540	0	10	0
22700	358.690	0	10	0
22750	358.840	0	10	0
22800	358.990	0	10	0
22850	359.140	0	10	0
22900	359.290	0	10	0
22950	359.440	0	10	0
23000	359.590	0	10	0
23050	359.740	0	10	0
23100	359.890	0	10	0
23150	360.040	0	10	0
23200	360.190	0	10	0
23250	360.340	0	10	0
23300	360.490	0	10	0
23350	360.640	0	10	0
23400	360.790	0	10	0
23450	360.940	0	10	0
23500	361.090	0	10	0
23550	361.240	0	10	0
23600	361.390	0	10	0
23650	361.540	0	10	0
23700	361.690	0	10	0
23750	361.840	0	10	0
23800	361.990	0	10	0
23850	362.140	0	10	0
23900	362.290	0	10	0
23950	362.440	0	10	0
24000	362.590	0	10	0
24050	362.740	0	10	0
24100	362.890	0	10	0
24150	363.040	0	10	0
24200	363.190	0	10	0
24250	363.340	0	10	0
24300	363.490	0	10	0
24350	363.640	0	10	0
24400	363.790	0	10	0
24450	363.940	0	10	0
24500	364.090	0	10	0
24550	364.240	0	10	0
24600	364.390	0	10	0
24650	364.540	0	10	0
24700	364.690	0	10	0
24750	364.840	0	10	0
24800	364.990	0	10	0
24850	365.140	0	10	0
24900	365.290	0	10	0
24950	365.440	0	10	0
25000	365.590	0	10	0
25050	365.740	0	10	0
25100	365.890	0	10	0
25150	366.040	0	10	0
25200	366.190	0	10	0
25250	366.340	0	10	0
25300	366.490	0	10	0
25350	366.640	0	10	0
25400	366.790	0	10	0
25450	366.940	0	10	0
25500	367.090	0	10	0
25550	367.240	0	10	0
25600	367.390	0	10	0
25650	367.540	0	10	0
25700	367.690	0	10	0
25750	367.840	0	10	0
25800	367.990	0	10	0
25850	368.140	0	10	0
25900	368.290	0	10	0
25950	368.440	0	10	0
26000	368.590	0	10	0
26050	368.740	0	10	0
26100	368.890	0	10	0
26150	369.040	0	10	0
26200	369.190	0	10	0
26250	369.340	0	10	0
26300	369.490	0	10	0
26350	369.640	0	10	0
26400	369.790	0	10	0
26450	369.940	0	10	0
26500	370.090	0	10	0
26550	370.240	0	10	0
26600	370.390	0	10	0
26650	370.540	0	10	0
26700	370.690	0	10	0
26750	370.840	0	10	0
26800	370.990	0	10	0
26850	371.140	0	10	0
26900	371.290	0	10	0
26950	371.440	0	10	0
27000	371.590	0	10	0
27050	371.740	0	10	0
27100	371.890	0	10	0
27150	372.040	0	10	0
27200	372.190	0	10	0
27250	372.340	0	10	0
27300	372.490	0	10	0
27350	372.640	0	10	0
27400	372.790	0	10	0
27450	372.940	0	10	0
27500	373.090	0	10	0
27550	373.240	0	10	0
27600	373.390	0	10	0
27650	373.540	0	10	0
27700	373.690	0	10	0
27750	373.840	0	10	0
27800	373.990	0	10	0
27850	374.140	0	10	0
27900	374.290	0	10	0
27950	374.440	0	10	0
28000	374.590	0	10	0
28050	374.740	0	10	0
28100	374.890	0	10	0
28150	375.040	0	10	0
28200	375.190	0	10	0
28250	375.340	0	10	0
28300	375.490	0	10	0
28350	375.640	0	10	0
28400	375.790	0	10	0
28450	375.940	0	10	0
28500	376.090	0	10	0
28550	376.240	0	10	0
28600	376.390	0	10	0
28650	376.540	0	10	0
28700	376.690	0	10	0
28750	376.840	0	10	0
28800	376.990	0	10	0
28850	377.140	0	10	0
28900	377.290	0	10	0
28950	377.440	0	10	0
29000	377.590	0	10	0
29050	377.740	0	10	0
29100	377.890	0	10	0
29150	378.040	0	10	0
29200	378.190	0	10	0
29250	378.340	0	10	0
29300	378.490	0	10	0
29350	378.640	0	10	0
29400	378.790	0	10	0
29450	378.940	0	10	0
29500	379.090	0	10	0
29550	379.240	0	10	0
29600	379.390	0	10	0
29650	379.540	0	10	0
29700	379.690	0	10	0
29750	379.840	0	10	0
29800	379.990	0	10	0
29850	380.140	0	10	0
29900	380.290	0	10	0
29950	380.440	0	10	0
30000	380.590	0	10	0
