1000.000     288.00        0.00
0	288	0	20	0			
50	288.6	0	20	0
100	289.2	0	20	0
150	289.8	0	20	0
200	290.4	0	20	0
250	291	0	20	0
300	291.6	0	20	0
350	292.2	0	20	0
400	292.8	0	20	0
450	293.4	0	20	0
500	294	0	20	0
550	294.6	0	20	0
600	295.2	0	20	0
650	295.8	0	20	0
700	296.4	0	20	0
750	297	0	20	0
800	297.6	0	20	0
850	298.2	0	20	0
900	298.8	0	20	0
950	299.4	0	20	0
1000	300	0	20	0
1050	300.6	0	20	0
1100	301.2	0	20	0
1150	301.8	0	20	0
1200	302.4	0	20	0
1250	303	0	20	0
1300	303.6	0	20	0
1350	304.2	0	20	0
1400	304.8	0	20	0
1450	305.4	0	20	0
1500	306	0	20	0
1550	306.6	0	20	0
1600	306.8	0	20	0
1650	307	0	20	0
1700	307.2	0	20	0
1750	307.4	0	20	0
1800	307.6	0	20	0
1850	307.8	0	20	0
1900	308	0	20	0
1950	308.2	0	20	0
2000	308.4	0	20	0
2050	308.6	0	20	0
2100	308.8	0	20	0
2150	309	0	20	0
2200	309.2	0	20	0
2250	309.4	0	20	0
2300	309.6	0	20	0
2350	309.8	0	20	0
2400	310	0	20	0
2450	310.2	0	20	0
2500	310.4	0	20	0
2550	310.6	0	20	0
2600	310.8	0	20	0
2650	311	0	20	0
2700	311.2	0	20	0
2750	311.4	0	20	0
2800	311.6	0	20	0
2850	311.8	0	20	0
2900	312	0	20	0
2950	312.2	0	20	0
3000	312.4	0	20	0
3050	312.6	0	20	0
3100	312.8	0	20	0
3150	313	0	20	0
3200	313.2	0	20	0
3250	313.4	0	20	0
3300	313.6	0	20	0
3350	313.8	0	20	0
3400	314	0	20	0
3450	314.2	0	20	0
3500	314.4	0	20	0
3550	314.6	0	20	0
3600	314.8	0	20	0
3650	315	0	20	0
3700	315.2	0	20	0
3750	315.4	0	20	0
3800	315.6	0	20	0
3850	315.8	0	20	0
3900	316	0	20	0
3950	316.2	0	20	0
4000	316.4	0	20	0
4050	316.6	0	20	0
4100	316.8	0	20	0
4150	317	0	20	0
4200	317.2	0	20	0
4250	317.4	0	20	0
4300	317.6	0	20	0
4350	317.8	0	20	0
4400	318	0	20	0
4450	318.2	0	20	0
4500	318.4	0	20	0
4550	318.6	0	20	0
4600	318.8	0	20	0
4650	319	0	20	0
4700	319.2	0	20	0
4750	319.4	0	20	0
4800	319.6	0	20	0
4850	319.8	0	20	0
4900	320	0	20	0
4950	320.2	0	20	0
5000	320.4	0	20	0
5050	320.6	0	20	0
5100	320.8	0	20	0
5150	321	0	20	0
5200	321.2	0	20	0
5250	321.4	0	20	0
5300	321.6	0	20	0
5350	321.8	0	20	0
5400	322	0	20	0
5450	322.2	0	20	0
5500	322.4	0	20	0
5550	322.6	0	20	0
5600	322.8	0	20	0
5650	323	0	20	0
5700	323.2	0	20	0
5750	323.4	0	20	0
5800	323.6	0	20	0
5850	323.8	0	20	0
5900	324	0	20	0
5950	324.2	0	20	0
6000	324.4	0	20	0
6050	324.6	0	20	0
6100	324.8	0	20	0
6150	325	0	20	0
6200	325.2	0	20	0
6250	325.4	0	20	0
6300	325.6	0	20	0
6350	325.8	0	20	0
6400	326	0	20	0
6450	326.2	0	20	0
6500	326.4	0	20	0
6550	326.6	0	20	0
6600	326.8	0	20	0
6650	327	0	20	0
6700	327.2	0	20	0
6750	327.4	0	20	0
6800	327.6	0	20	0
6850	327.8	0	20	0
6900	328	0	20	0
6950	328.2	0	20	0
7000	328.4	0	20	0
7050	328.6	0	20	0
7100	328.8	0	20	0
7150	329	0	20	0
7200	329.2	0	20	0
7250	329.4	0	20	0
7300	329.6	0	20	0
7350	329.8	0	20	0
7400	330	0	20	0
7450	330.2	0	20	0
7500	330.4	0	20	0
7550	330.6	0	20	0
7600	330.8	0	20	0
7650	331	0	20	0
7700	331.2	0	20	0
7750	331.4	0	20	0
7800	331.6	0	20	0
7850	331.8	0	20	0
7900	332	0	20	0
7950	332.2	0	20	0
8000	332.4	0	20	0
8050	332.6	0	20	0
8100	332.8	0	20	0
8150	333	0	20	0
8200	333.2	0	20	0
8250	333.4	0	20	0
8300	333.6	0	20	0
8350	333.8	0	20	0
8400	334	0	20	0
8450	334.2	0	20	0
8500	334.4	0	20	0
8550	334.6	0	20	0
8600	334.8	0	20	0
8650	335	0	20	0
8700	335.2	0	20	0
8750	335.4	0	20	0
8800	335.6	0	20	0
8850	335.8	0	20	0
8900	336	0	20	0
8950	336.2	0	20	0
9000	336.4	0	20	0
9050	336.6	0	20	0
9100	336.8	0	20	0
9150	337	0	20	0
9200	337.2	0	20	0
9250	337.4	0	20	0
9300	337.6	0	20	0
9350	337.8	0	20	0
9400	338	0	20	0
9450	338.2	0	20	0
9500	338.4	0	20	0
9550	338.6	0	20	0
9600	338.8	0	20	0
9650	339	0	20	0
9700	339.2	0	20	0
9750	339.4	0	20	0
9800	339.6	0	20	0
9850	339.8	0	20	0
9900	340	0	20	0
9950	340.2	0	20	0
10000	340.4	0	20	0
10050	340.6	0	20	0
10100	340.8	0	20	0
10150	341	0	20	0
10200	341.2	0	20	0
10250	341.4	0	20	0
10300	341.6	0	20	0
10350	341.8	0	20	0
10400	342	0	20	0
10450	342.2	0	20	0
10500	342.4	0	20	0
10550	342.6	0	20	0
10600	342.8	0	20	0
10650	343	0	20	0
10700	343.2	0	20	0
10750	343.4	0	20	0
10800	343.6	0	20	0
10850	343.8	0	20	0
10900	344	0	20	0
10950	344.2	0	20	0
11000	344.4	0	20	0
11050	344.6	0	20	0
11100	344.8	0	20	0
11150	345	0	20	0
11200	345.2	0	20	0
11250	345.4	0	20	0
11300	345.6	0	20	0
11350	345.8	0	20	0
11400	346	0	20	0
11450	346.2	0	20	0
11500	346.4	0	20	0
11550	346.6	0	20	0
11600	346.8	0	20	0
11650	347	0	20	0
11700	347.2	0	20	0
11750	347.4	0	20	0
11800	347.6	0	20	0
11850	347.8	0	20	0
11900	348	0	20	0
11950	348.2	0	20	0
12000	348.4	0	20	0
12050	348.6	0	20	0
12100	348.8	0	20	0
12150	349	0	20	0
12200	349.2	0	20	0
12250	349.4	0	20	0
12300	349.6	0	20	0
12350	349.8	0	20	0
12400	350	0	20	0
12450	350.2	0	20	0
12500	350.4	0	20	0
12550	350.6	0	20	0
12600	350.8	0	20	0
12650	351	0	20	0
12700	351.2	0	20	0
12750	351.4	0	20	0
12800	351.6	0	20	0
12850	351.8	0	20	0
12900	352	0	20	0
12950	352.2	0	20	0
13000	352.4	0	20	0
13050	352.6	0	20	0
13100	352.8	0	20	0
13150	353	0	20	0
13200	353.2	0	20	0
13250	353.4	0	20	0
13300	353.6	0	20	0
13350	353.8	0	20	0
13400	354	0	20	0
13450	354.2	0	20	0
13500	354.4	0	20	0
13550	354.6	0	20	0
13600	354.8	0	20	0
13650	355	0	20	0
13700	355.2	0	20	0
13750	355.4	0	20	0
13800	355.6	0	20	0
13850	355.8	0	20	0
13900	356	0	20	0
13950	356.2	0	20	0
14000	356.4	0	20	0
14050	356.6	0	20	0
14100	356.8	0	20	0
14150	357	0	20	0
14200	357.2	0	20	0
14250	357.4	0	20	0
14300	357.6	0	20	0
14350	357.8	0	20	0
14400	358	0	20	0
14450	358.2	0	20	0
14500	358.4	0	20	0
14550	358.6	0	20	0
14600	358.8	0	20	0
14650	359	0	20	0
14700	359.2	0	20	0
14750	359.4	0	20	0
14800	359.6	0	20	0
14850	359.8	0	20	0
14900	360	0	20	0
14950	360.2	0	20	0
15000	360.4	0	20	0
15050	360.6	0	20	0
15100	360.8	0	20	0
15150	361	0	20	0
15200	361.2	0	20	0
15250	361.4	0	20	0
15300	361.6	0	20	0
15350	361.8	0	20	0
15400	362	0	20	0
15450	362.2	0	20	0
15500	362.4	0	20	0
15550	362.6	0	20	0
15600	362.8	0	20	0
15650	363	0	20	0
15700	363.2	0	20	0
15750	363.4	0	20	0
15800	363.6	0	20	0
15850	363.8	0	20	0
15900	364	0	20	0
15950	364.2	0	20	0
16000	364.4	0	20	0
16050	364.6	0	20	0
16100	364.8	0	20	0
16150	365	0	20	0
16200	365.2	0	20	0
16250	365.4	0	20	0
16300	365.6	0	20	0
16350	365.8	0	20	0
16400	366	0	20	0
16450	366.2	0	20	0
16500	366.4	0	20	0
16550	366.6	0	20	0
16600	366.8	0	20	0
16650	367	0	20	0
16700	367.2	0	20	0
16750	367.4	0	20	0
16800	367.6	0	20	0
16850	367.8	0	20	0
16900	368	0	20	0
16950	368.2	0	20	0
17000	368.4	0	20	0
17050	368.6	0	20	0
17100	368.8	0	20	0
17150	369	0	20	0
17200	369.2	0	20	0
17250	369.4	0	20	0
17300	369.6	0	20	0
17350	369.8	0	20	0
17400	370	0	20	0
17450	370.2	0	20	0
17500	370.4	0	20	0
17550	370.6	0	20	0
17600	370.8	0	20	0
17650	371	0	20	0
17700	371.2	0	20	0
17750	371.4	0	20	0
17800	371.6	0	20	0
17850	371.8	0	20	0
17900	372	0	20	0
17950	372.2	0	20	0
18000	372.4	0	20	0
18050	372.6	0	20	0
18100	372.8	0	20	0
18150	373	0	20	0
18200	373.2	0	20	0
18250	373.4	0	20	0
18300	373.6	0	20	0
18350	373.8	0	20	0
18400	374	0	20	0
18450	374.2	0	20	0
18500	374.4	0	20	0
18550	374.6	0	20	0
18600	374.8	0	20	0
18650	375	0	20	0
18700	375.2	0	20	0
18750	375.4	0	20	0
18800	375.6	0	20	0
18850	375.8	0	20	0
18900	376	0	20	0
18950	376.2	0	20	0
19000	376.4	0	20	0
19050	376.6	0	20	0
19100	376.8	0	20	0
19150	377	0	20	0
19200	377.2	0	20	0
19250	377.4	0	20	0
19300	377.6	0	20	0
19350	377.8	0	20	0
19400	378	0	20	0
19450	378.2	0	20	0
19500	378.4	0	20	0
19550	378.6	0	20	0
19600	378.8	0	20	0
19650	379	0	20	0
19700	379.2	0	20	0
19750	379.4	0	20	0
19800	379.6	0	20	0
19850	379.8	0	20	0
19900	380	0	20	0
19950	380.2	0	20	0
20000	380.4	0	20	0
20050	380.6	0	20	0
20100	380.8	0	20	0
20150	381	0	20	0
20200	381.2	0	20	0
20250	381.4	0	20	0
20300	381.6	0	20	0
20350	381.8	0	20	0
20400	382	0	20	0
20450	382.2	0	20	0
20500	382.4	0	20	0
20550	382.6	0	20	0
20600	382.8	0	20	0
20650	383	0	20	0
20700	383.2	0	20	0
20750	383.4	0	20	0
20800	383.6	0	20	0
20850	383.8	0	20	0
20900	384	0	20	0
20950	384.2	0	20	0
21000	384.4	0	20	0
21050	384.6	0	20	0
21100	384.8	0	20	0
21150	385	0	20	0
21200	385.2	0	20	0
21250	385.4	0	20	0
21300	385.6	0	20	0
21350	385.8	0	20	0
21400	386	0	20	0
21450	386.2	0	20	0
21500	386.4	0	20	0
21550	386.6	0	20	0
21600	386.8	0	20	0
21650	387	0	20	0
21700	387.2	0	20	0
21750	387.4	0	20	0
21800	387.6	0	20	0
21850	387.8	0	20	0
21900	388	0	20	0
21950	388.2	0	20	0
22000	388.4	0	20	0
22050	388.6	0	20	0
22100	388.8	0	20	0
22150	389	0	20	0
22200	389.2	0	20	0
22250	389.4	0	20	0
22300	389.6	0	20	0
22350	389.8	0	20	0
22400	390	0	20	0
22450	390.2	0	20	0
22500	390.4	0	20	0
22550	390.6	0	20	0
22600	390.8	0	20	0
22650	391	0	20	0
22700	391.2	0	20	0
22750	391.4	0	20	0
22800	391.6	0	20	0
22850	391.8	0	20	0
22900	392	0	20	0
22950	392.2	0	20	0
23000	392.4	0	20	0
23050	392.6	0	20	0
23100	392.8	0	20	0
23150	393	0	20	0
23200	393.2	0	20	0
23250	393.4	0	20	0
23300	393.6	0	20	0
23350	393.8	0	20	0
23400	394	0	20	0
23450	394.2	0	20	0
23500	394.4	0	20	0
23550	394.6	0	20	0
23600	394.8	0	20	0
23650	395	0	20	0
23700	395.2	0	20	0
23750	395.4	0	20	0
23800	395.6	0	20	0
23850	395.8	0	20	0
23900	396	0	20	0
23950	396.2	0	20	0
24000	396.4	0	20	0
24050	396.6	0	20	0
24100	396.8	0	20	0
24150	397	0	20	0
24200	397.2	0	20	0
24250	397.4	0	20	0
24300	397.6	0	20	0
24350	397.8	0	20	0
24400	398	0	20	0
24450	398.2	0	20	0
24500	398.4	0	20	0
24550	398.6	0	20	0
24600	398.8	0	20	0
24650	399	0	20	0
24700	399.2	0	20	0
24750	399.4	0	20	0
24800	399.6	0	20	0
24850	399.8	0	20	0
24900	400	0	20	0
24950	400.2	0	20	0
25000	400.4	0	20	0
25050	400.6	0	20	0
25100	400.8	0	20	0
25150	401	0	20	0
25200	401.2	0	20	0
25250	401.4	0	20	0
25300	401.6	0	20	0
25350	401.8	0	20	0
25400	402	0	20	0
25450	402.2	0	20	0
25500	402.4	0	20	0
25550	402.6	0	20	0
25600	402.8	0	20	0
25650	403	0	20	0
25700	403.2	0	20	0
25750	403.4	0	20	0
25800	403.6	0	20	0
25850	403.8	0	20	0
25900	404	0	20	0
25950	404.2	0	20	0
26000	404.4	0	20	0
26050	404.6	0	20	0
26100	404.8	0	20	0
26150	405	0	20	0
26200	405.2	0	20	0
26250	405.4	0	20	0
26300	405.6	0	20	0
26350	405.8	0	20	0
26400	406	0	20	0
26450	406.2	0	20	0
26500	406.4	0	20	0
26550	406.6	0	20	0
26600	406.8	0	20	0
26650	407	0	20	0
26700	407.2	0	20	0
26750	407.4	0	20	0
26800	407.6	0	20	0
26850	407.8	0	20	0
26900	408	0	20	0
26950	408.2	0	20	0
27000	408.4	0	20	0
27050	408.6	0	20	0
27100	408.8	0	20	0
27150	409	0	20	0
27200	409.2	0	20	0
27250	409.4	0	20	0
27300	409.6	0	20	0
27350	409.8	0	20	0
27400	410	0	20	0
27450	410.2	0	20	0
27500	410.4	0	20	0
27550	410.6	0	20	0
27600	410.8	0	20	0
27650	411	0	20	0
27700	411.2	0	20	0
27750	411.4	0	20	0
27800	411.6	0	20	0
27850	411.8	0	20	0
27900	412	0	20	0
27950	412.2	0	20	0
28000	412.4	0	20	0
28050	412.6	0	20	0
28100	412.8	0	20	0
28150	413	0	20	0
28200	413.2	0	20	0
28250	413.4	0	20	0
28300	413.6	0	20	0
28350	413.8	0	20	0
28400	414	0	20	0
28450	414.2	0	20	0
28500	414.4	0	20	0
28550	414.6	0	20	0
28600	414.8	0	20	0
28650	415	0	20	0
28700	415.2	0	20	0
28750	415.4	0	20	0
28800	415.6	0	20	0
28850	415.8	0	20	0
28900	416	0	20	0
28950	416.2	0	20	0
29000	416.4	0	20	0
29050	416.6	0	20	0
29100	416.8	0	20	0
29150	417	0	20	0
29200	417.2	0	20	0
29250	417.4	0	20	0
29300	417.6	0	20	0
29350	417.8	0	20	0
29400	418	0	20	0
29450	418.2	0	20	0
29500	418.4	0	20	0
29550	418.6	0	20	0
29600	418.8	0	20	0
29650	419	0	20	0
29700	419.2	0	20	0
29750	419.4	0	20	0
29800	419.6	0	20	0
29850	419.8	0	20	0
29900	420	0	20	0
29950	420.2	0	20	0
30000	420.4	0	20	0
