1000.000     288.00        0.00
0	288	0	20	0
50	288.6	0	20	0
100	289.2	0	20	0
150	289.8	0	20	0
200	290.4	0	20	0
250	291	0	20	0
300	291.6	0	20	0
350	292.2	0	20	0
400	292.8	0	20	0
450	293.4	0	20	0
500	294	0	20	0
550	294.6	0	20	0
600	295.2	0	20	0
650	295.8	0	20	0
700	296.4	0	20	0
750	297	0	20	0
800	297.6	0	20	0
850	298.2	0	20	0
900	298.8	0	20	0
950	299.4	0	20	0
1000	300	0	20	0
1050	300.6	0	20	0
1100	301.2	0	20	0
1150	301.8	0	20	0
1200	302.4	0	20	0
1250	303	0	20	0
1300	303.6	0	20	0
1350	304.2	0	20	0
1400	304.8	0	20	0
1450	305.4	0	20	0
1500	306	0	20	0
1550	306.6	0	20	0
1600	307.2	0	20	0
1650	307.8	0	20	0
1700	308.4	0	20	0
1750	309	0	20	0
1800	309.6	0	20	0
1850	310.2	0	20	0
1900	310.8	0	20	0
1950	311.4	0	20	0
2000	312	0	20	0
2050	312.6	0	20	0
2100	313.2	0	20	0
2150	313.8	0	20	0
2200	314.4	0	20	0
2250	315	0	20	0
2300	315.6	0	20	0
2350	316.2	0	20	0
2400	316.8	0	20	0
2450	317.4	0	20	0
2500	318	0	20	0
2550	318.6	0	20	0
2600	319.2	0	20	0
2650	319.8	0	20	0
2700	320.4	0	20	0
2750	321	0	20	0
2800	321.6	0	20	0
2850	322.2	0	20	0
2900	322.8	0	20	0
2950	323.4	0	20	0
3000	324	0	20	0
3050	324.6	0	20	0
3100	325.2	0	20	0
3150	325.8	0	20	0
3200	326	0	20	0
3250	326.2	0	20	0
3300	326.4	0	20	0
3350	326.6	0	20	0
3400	326.8	0	20	0
3450	327	0	20	0
3500	327.2	0	20	0
3550	327.4	0	20	0
3600	327.6	0	20	0
3650	327.8	0	20	0
3700	328	0	20	0
3750	328.2	0	20	0
3800	328.4	0	20	0
3850	328.6	0	20	0
3900	328.8	0	20	0
3950	329	0	20	0
4000	329.2	0	20	0
4050	329.4	0	20	0
4100	329.6	0	20	0
4150	329.8	0	20	0
4200	330	0	20	0
4250	330.2	0	20	0
4300	330.4	0	20	0
4350	330.6	0	20	0
4400	330.8	0	20	0
4450	331	0	20	0
4500	331.2	0	20	0
4550	331.4	0	20	0
4600	331.6	0	20	0
4650	331.8	0	20	0
4700	332	0	20	0
4750	332.2	0	20	0
4800	332.4	0	20	0
4850	332.6	0	20	0
4900	332.8	0	20	0
4950	333	0	20	0
5000	333.2	0	20	0
5050	333.4	0	20	0
5100	333.6	0	20	0
5150	333.8	0	20	0
5200	334	0	20	0
5250	334.2	0	20	0
5300	334.4	0	20	0
5350	334.6	0	20	0
5400	334.8	0	20	0
5450	335	0	20	0
5500	335.2	0	20	0
5550	335.4	0	20	0
5600	335.6	0	20	0
5650	335.8	0	20	0
5700	336	0	20	0
5750	336.2	0	20	0
5800	336.4	0	20	0
5850	336.6	0	20	0
5900	336.8	0	20	0
5950	337	0	20	0
6000	337.2	0	20	0
6050	337.4	0	20	0
6100	337.6	0	20	0
6150	337.8	0	20	0
6200	338	0	20	0
6250	338.2	0	20	0
6300	338.4	0	20	0
6350	338.6	0	20	0
6400	338.8	0	20	0
6450	339	0	20	0
6500	339.2	0	20	0
6550	339.4	0	20	0
6600	339.6	0	20	0
6650	339.8	0	20	0
6700	340	0	20	0
6750	340.2	0	20	0
6800	340.4	0	20	0
6850	340.6	0	20	0
6900	340.8	0	20	0
6950	341	0	20	0
7000	341.2	0	20	0
7050	341.4	0	20	0
7100	341.6	0	20	0
7150	341.8	0	20	0
7200	342	0	20	0
7250	342.2	0	20	0
7300	342.4	0	20	0
7350	342.6	0	20	0
7400	342.8	0	20	0
7450	343	0	20	0
7500	343.2	0	20	0
7550	343.4	0	20	0
7600	343.6	0	20	0
7650	343.8	0	20	0
7700	344	0	20	0
7750	344.2	0	20	0
7800	344.4	0	20	0
7850	344.6	0	20	0
7900	344.8	0	20	0
7950	345	0	20	0
8000	345.2	0	20	0
8050	345.4	0	20	0
8100	345.6	0	20	0
8150	345.8	0	20	0
8200	346	0	20	0
8250	346.2	0	20	0
8300	346.4	0	20	0
8350	346.6	0	20	0
8400	346.8	0	20	0
8450	347	0	20	0
8500	347.2	0	20	0
8550	347.4	0	20	0
8600	347.6	0	20	0
8650	347.8	0	20	0
8700	348	0	20	0
8750	348.2	0	20	0
8800	348.4	0	20	0
8850	348.6	0	20	0
8900	348.8	0	20	0
8950	349	0	20	0
9000	349.2	0	20	0
9050	349.4	0	20	0
9100	349.6	0	20	0
9150	349.8	0	20	0
9200	350	0	20	0
9250	350.2	0	20	0
9300	350.4	0	20	0
9350	350.6	0	20	0
9400	350.8	0	20	0
9450	351	0	20	0
9500	351.2	0	20	0
9550	351.4	0	20	0
9600	351.6	0	20	0
9650	351.8	0	20	0
9700	352	0	20	0
9750	352.2	0	20	0
9800	352.4	0	20	0
9850	352.6	0	20	0
9900	352.8	0	20	0
9950	353	0	20	0
10000	353.2	0	20	0
10050	353.4	0	20	0
10100	353.6	0	20	0
10150	353.8	0	20	0
10200	354	0	20	0
10250	354.2	0	20	0
10300	354.4	0	20	0
10350	354.6	0	20	0
10400	354.8	0	20	0
10450	355	0	20	0
10500	355.2	0	20	0
10550	355.4	0	20	0
10600	355.6	0	20	0
10650	355.8	0	20	0
10700	356	0	20	0
10750	356.2	0	20	0
10800	356.4	0	20	0
10850	356.6	0	20	0
10900	356.8	0	20	0
10950	357	0	20	0
11000	357.2	0	20	0
11050	357.4	0	20	0
11100	357.6	0	20	0
11150	357.8	0	20	0
11200	358	0	20	0
11250	358.2	0	20	0
11300	358.4	0	20	0
11350	358.6	0	20	0
11400	358.8	0	20	0
11450	359	0	20	0
11500	359.2	0	20	0
11550	359.4	0	20	0
11600	359.6	0	20	0
11650	359.8	0	20	0
11700	360	0	20	0
11750	360.2	0	20	0
11800	360.4	0	20	0
11850	360.6	0	20	0
11900	360.8	0	20	0
11950	361	0	20	0
12000	361.2	0	20	0
12050	361.4	0	20	0
12100	361.6	0	20	0
12150	361.8	0	20	0
12200	362	0	20	0
12250	362.2	0	20	0
12300	362.4	0	20	0
12350	362.6	0	20	0
12400	362.8	0	20	0
12450	363	0	20	0
12500	363.2	0	20	0
12550	363.4	0	20	0
12600	363.6	0	20	0
12650	363.8	0	20	0
12700	364	0	20	0
12750	364.2	0	20	0
12800	364.4	0	20	0
12850	364.6	0	20	0
12900	364.8	0	20	0
12950	365	0	20	0
13000	365.2	0	20	0
13050	365.4	0	20	0
13100	365.6	0	20	0
13150	365.8	0	20	0
13200	366	0	20	0
13250	366.2	0	20	0
13300	366.4	0	20	0
13350	366.6	0	20	0
13400	366.8	0	20	0
13450	367	0	20	0
13500	367.2	0	20	0
13550	367.4	0	20	0
13600	367.6	0	20	0
13650	367.8	0	20	0
13700	368	0	20	0
13750	368.2	0	20	0
13800	368.4	0	20	0
13850	368.6	0	20	0
13900	368.8	0	20	0
13950	369	0	20	0
14000	369.2	0	20	0
14050	369.4	0	20	0
14100	369.6	0	20	0
14150	369.8	0	20	0
14200	370	0	20	0
14250	370.2	0	20	0
14300	370.4	0	20	0
14350	370.6	0	20	0
14400	370.8	0	20	0
14450	371	0	20	0
14500	371.2	0	20	0
14550	371.4	0	20	0
14600	371.6	0	20	0
14650	371.8	0	20	0
14700	372	0	20	0
14750	372.2	0	20	0
14800	372.4	0	20	0
14850	372.6	0	20	0
14900	372.8	0	20	0
14950	373	0	20	0
15000	373.2	0	20	0
15050	373.4	0	20	0
15100	373.6	0	20	0
15150	373.8	0	20	0
15200	374	0	20	0
15250	374.2	0	20	0
15300	374.4	0	20	0
15350	374.6	0	20	0
15400	374.8	0	20	0
15450	375	0	20	0
15500	375.2	0	20	0
15550	375.4	0	20	0
15600	375.6	0	20	0
15650	375.8	0	20	0
15700	376	0	20	0
15750	376.2	0	20	0
15800	376.4	0	20	0
15850	376.6	0	20	0
15900	376.8	0	20	0
15950	377	0	20	0
16000	377.2	0	20	0
16050	377.4	0	20	0
16100	377.6	0	20	0
16150	377.8	0	20	0
16200	378	0	20	0
16250	378.2	0	20	0
16300	378.4	0	20	0
16350	378.6	0	20	0
16400	378.8	0	20	0
16450	379	0	20	0
16500	379.2	0	20	0
16550	379.4	0	20	0
16600	379.6	0	20	0
16650	379.8	0	20	0
16700	380	0	20	0
16750	380.2	0	20	0
16800	380.4	0	20	0
16850	380.6	0	20	0
16900	380.8	0	20	0
16950	381	0	20	0
17000	381.2	0	20	0
17050	381.4	0	20	0
17100	381.6	0	20	0
17150	381.8	0	20	0
17200	382	0	20	0
17250	382.2	0	20	0
17300	382.4	0	20	0
17350	382.6	0	20	0
17400	382.8	0	20	0
17450	383	0	20	0
17500	383.2	0	20	0
17550	383.4	0	20	0
17600	383.6	0	20	0
17650	383.8	0	20	0
17700	384	0	20	0
17750	384.2	0	20	0
17800	384.4	0	20	0
17850	384.6	0	20	0
17900	384.8	0	20	0
17950	385	0	20	0
18000	385.2	0	20	0
18050	385.4	0	20	0
18100	385.6	0	20	0
18150	385.8	0	20	0
18200	386	0	20	0
18250	386.2	0	20	0
18300	386.4	0	20	0
18350	386.6	0	20	0
18400	386.8	0	20	0
18450	387	0	20	0
18500	387.2	0	20	0
18550	387.4	0	20	0
18600	387.6	0	20	0
18650	387.8	0	20	0
18700	388	0	20	0
18750	388.2	0	20	0
18800	388.4	0	20	0
18850	388.6	0	20	0
18900	388.8	0	20	0
18950	389	0	20	0
19000	389.2	0	20	0
19050	389.4	0	20	0
19100	389.6	0	20	0
19150	389.8	0	20	0
19200	390	0	20	0
19250	390.2	0	20	0
19300	390.4	0	20	0
19350	390.6	0	20	0
19400	390.8	0	20	0
19450	391	0	20	0
19500	391.2	0	20	0
19550	391.4	0	20	0
19600	391.6	0	20	0
19650	391.8	0	20	0
19700	392	0	20	0
19750	392.2	0	20	0
19800	392.4	0	20	0
19850	392.6	0	20	0
19900	392.8	0	20	0
19950	393	0	20	0
20000	393.2	0	20	0
20050	393.4	0	20	0
20100	393.6	0	20	0
20150	393.8	0	20	0
20200	394	0	20	0
20250	394.2	0	20	0
20300	394.4	0	20	0
20350	394.6	0	20	0
20400	394.8	0	20	0
20450	395	0	20	0
20500	395.2	0	20	0
20550	395.4	0	20	0
20600	395.6	0	20	0
20650	395.8	0	20	0
20700	396	0	20	0
20750	396.2	0	20	0
20800	396.4	0	20	0
20850	396.6	0	20	0
20900	396.8	0	20	0
20950	397	0	20	0
21000	397.2	0	20	0
21050	397.4	0	20	0
21100	397.6	0	20	0
21150	397.8	0	20	0
21200	398	0	20	0
21250	398.2	0	20	0
21300	398.4	0	20	0
21350	398.6	0	20	0
21400	398.8	0	20	0
21450	399	0	20	0
21500	399.2	0	20	0
21550	399.4	0	20	0
21600	399.6	0	20	0
21650	399.8	0	20	0
21700	400	0	20	0
21750	400.2	0	20	0
21800	400.4	0	20	0
21850	400.6	0	20	0
21900	400.8	0	20	0
21950	401	0	20	0
22000	401.2	0	20	0
22050	401.4	0	20	0
22100	401.6	0	20	0
22150	401.8	0	20	0
22200	402	0	20	0
22250	402.2	0	20	0
22300	402.4	0	20	0
22350	402.6	0	20	0
22400	402.8	0	20	0
22450	403	0	20	0
22500	403.2	0	20	0
22550	403.4	0	20	0
22600	403.6	0	20	0
22650	403.8	0	20	0
22700	404	0	20	0
22750	404.2	0	20	0
22800	404.4	0	20	0
22850	404.6	0	20	0
22900	404.8	0	20	0
22950	405	0	20	0
23000	405.2	0	20	0
23050	405.4	0	20	0
23100	405.6	0	20	0
23150	405.8	0	20	0
23200	406	0	20	0
23250	406.2	0	20	0
23300	406.4	0	20	0
23350	406.6	0	20	0
23400	406.8	0	20	0
23450	407	0	20	0
23500	407.2	0	20	0
23550	407.4	0	20	0
23600	407.6	0	20	0
23650	407.8	0	20	0
23700	408	0	20	0
23750	408.2	0	20	0
23800	408.4	0	20	0
23850	408.6	0	20	0
23900	408.8	0	20	0
23950	409	0	20	0
24000	409.2	0	20	0
24050	409.4	0	20	0
24100	409.6	0	20	0
24150	409.8	0	20	0
24200	410	0	20	0
24250	410.2	0	20	0
24300	410.4	0	20	0
24350	410.6	0	20	0
24400	410.8	0	20	0
24450	411	0	20	0
24500	411.2	0	20	0
24550	411.4	0	20	0
24600	411.6	0	20	0
24650	411.8	0	20	0
24700	412	0	20	0
24750	412.2	0	20	0
24800	412.4	0	20	0
24850	412.6	0	20	0
24900	412.8	0	20	0
24950	413	0	20	0
25000	413.2	0	20	0
25050	413.4	0	20	0
25100	413.6	0	20	0
25150	413.8	0	20	0
25200	414	0	20	0
25250	414.2	0	20	0
25300	414.4	0	20	0
25350	414.6	0	20	0
25400	414.8	0	20	0
25450	415	0	20	0
25500	415.2	0	20	0
25550	415.4	0	20	0
25600	415.6	0	20	0
25650	415.8	0	20	0
25700	416	0	20	0
25750	416.2	0	20	0
25800	416.4	0	20	0
25850	416.6	0	20	0
25900	416.8	0	20	0
25950	417	0	20	0
26000	417.2	0	20	0
26050	417.4	0	20	0
26100	417.6	0	20	0
26150	417.8	0	20	0
26200	418	0	20	0
26250	418.2	0	20	0
26300	418.4	0	20	0
26350	418.6	0	20	0
26400	418.8	0	20	0
26450	419	0	20	0
26500	419.2	0	20	0
26550	419.4	0	20	0
26600	419.6	0	20	0
26650	419.8	0	20	0
26700	420	0	20	0
26750	420.2	0	20	0
26800	420.4	0	20	0
26850	420.6	0	20	0
26900	420.8	0	20	0
26950	421	0	20	0
27000	421.2	0	20	0
27050	421.4	0	20	0
27100	421.6	0	20	0
27150	421.8	0	20	0
27200	422	0	20	0
27250	422.2	0	20	0
27300	422.4	0	20	0
27350	422.6	0	20	0
27400	422.8	0	20	0
27450	423	0	20	0
27500	423.2	0	20	0
27550	423.4	0	20	0
27600	423.6	0	20	0
27650	423.8	0	20	0
27700	424	0	20	0
27750	424.2	0	20	0
27800	424.4	0	20	0
27850	424.6	0	20	0
27900	424.8	0	20	0
27950	425	0	20	0
28000	425.2	0	20	0
28050	425.4	0	20	0
28100	425.6	0	20	0
28150	425.8	0	20	0
28200	426	0	20	0
28250	426.2	0	20	0
28300	426.4	0	20	0
28350	426.6	0	20	0
28400	426.8	0	20	0
28450	427	0	20	0
28500	427.2	0	20	0
28550	427.4	0	20	0
28600	427.6	0	20	0
28650	427.8	0	20	0
28700	428	0	20	0
28750	428.2	0	20	0
28800	428.4	0	20	0
28850	428.6	0	20	0
28900	428.8	0	20	0
28950	429	0	20	0
29000	429.2	0	20	0
29050	429.4	0	20	0
29100	429.6	0	20	0
29150	429.8	0	20	0
29200	430	0	20	0
29250	430.2	0	20	0
29300	430.4	0	20	0
29350	430.6	0	20	0
29400	430.8	0	20	0
29450	431	0	20	0
29500	431.2	0	20	0
29550	431.4	0	20	0
29600	431.6	0	20	0
29650	431.8	0	20	0
29700	432	0	20	0
29750	432.2	0	20	0
29800	432.4	0	20	0
29850	432.6	0	20	0
29900	432.8	0	20	0
29950	433	0	20	0
30000	433.2	0	20	0
